DateUpdated,AgeGroups,Total cases,Confirmed cases,Probable cases,Total case rate,Total deaths,Confirmed deaths,Probable deaths
5/27/2021,0-9,21266,19931,1335,5649,1,1,0
5/27/2021,19-Oct,41363,37591,3772,9128,3,3,0
5/27/2021,20-29,60808,54548,6260,13066,10,10,0
5/27/2021,30-39,53926,48970,4956,12189,41,39,2
5/27/2021,40-49,48453,44467,3986,11196,150,119,31
5/27/2021,50-59,51855,48017,3838,9984,453,383,70
5/27/2021,60-69,34355,32182,2173,7798,1084,934,150
5/27/2021,70-79,17628,16587,1041,6528,1846,1562,284
5/27/2021,80 and older,16522,15071,1451,10005,4642,3720,922
5/28/2021,0-9,21298,19963,1335,5658,1,1,0
5/28/2021,19-Oct,41408,37631,3777,9138,3,3,0
5/28/2021,20-29,60837,54570,6267,13072,10,10,0
5/28/2021,30-39,53964,48995,4969,12197,42,40,2
5/28/2021,40-49,48486,44498,3988,11203,150,119,31
5/28/2021,50-59,51876,48034,3842,9988,454,384,70
5/28/2021,60-69,34361,32185,2176,7799,1087,936,151
5/28/2021,70-79,17631,16588,1043,6530,1847,1563,284
5/28/2021,80 and older,16520,15069,1451,10004,4644,3721,923
6/1/2021,0-9,21335,19988,1347,5667,1,1,0
6/1/2021,19-Oct,41438,37650,3788,9145,3,3,0
6/1/2021,20-29,60872,54599,6273,13080,10,10,0
6/1/2021,30-39,54011,49039,4972,12208,42,40,2
6/1/2021,40-49,48518,44522,3996,11211,151,119,32
6/1/2021,50-59,51887,48040,3847,9990,457,386,71
6/1/2021,60-69,34375,32198,2177,7802,1088,937,151
6/1/2021,70-79,17638,16593,1045,6532,1847,1563,284
6/1/2021,80 and older,16530,15077,1453,10010,4645,3721,924
6/2/2021,0-9,21343,19992,1351,5670,1,1,0
6/2/2021,19-Oct,41455,37663,3792,9149,3,3,0
6/2/2021,20-29,60883,54602,6281,13082,10,10,0
6/2/2021,30-39,54028,49045,4983,12212,42,40,2
6/2/2021,40-49,48529,44531,3998,11213,151,119,32
6/2/2021,50-59,51916,48065,3851,9996,459,388,71
6/2/2021,60-69,34384,32204,2180,7804,1088,937,151
6/2/2021,70-79,17643,16598,1045,6534,1848,1564,284
6/2/2021,80 and older,16539,15085,1454,10015,4645,3721,924
6/3/2021,0-9,21359,20006,1353,5674,1,1,0
6/3/2021,19-Oct,41468,37673,3795,9151,3,3,0
6/3/2021,20-29,60899,54619,6280,13086,10,10,0
6/3/2021,30-39,54031,49046,4985,12212,42,40,2
6/3/2021,40-49,48537,44536,4001,11215,150,118,32
6/3/2021,50-59,51918,48066,3852,9996,458,387,71
6/3/2021,60-69,34385,32206,2179,7805,1088,937,151
6/3/2021,70-79,17650,16602,1048,6537,1848,1563,285
6/3/2021,80 and older,16540,15083,1457,10016,4645,3718,927
6/4/2021,0-9,21378,20017,1361,5679,1,1,0
6/4/2021,19-Oct,41484,37685,3799,9155,3,3,0
6/4/2021,20-29,60934,54631,6303,13093,10,10,0
6/4/2021,30-39,54059,49058,5001,12219,42,40,2
6/4/2021,40-49,48553,44547,4006,11219,150,118,32
6/4/2021,50-59,51934,48075,3859,9999,458,387,71
6/4/2021,60-69,34394,32212,2182,7807,1088,937,151
6/4/2021,70-79,17654,16604,1050,6538,1848,1563,285
6/4/2021,80 and older,16543,15085,1458,10018,4646,3718,928
6/7/2021,0-9,21403,20040,1363,5686,1,1,0
6/7/2021,19-Oct,41510,37706,3804,9161,3,3,0
6/7/2021,20-29,60977,54672,6305,13102,10,10,0
6/7/2021,30-39,54094,49093,5001,12227,43,41,2
6/7/2021,40-49,48581,44573,4008,11225,150,118,32
6/7/2021,50-59,51954,48094,3860,10003,460,389,71
6/7/2021,60-69,34405,32223,2182,7809,1089,938,151
6/7/2021,70-79,17660,16608,1052,6540,1850,1564,286
6/7/2021,80 and older,16547,15090,1457,10020,4647,3719,928
6/8/2021,0-9,21407,20043,1364,5687,1,1,0
6/8/2021,19-Oct,41525,37717,3808,9164,3,3,0
6/8/2021,20-29,60993,54684,6309,13106,10,10,0
6/8/2021,30-39,54105,49102,5003,12229,43,41,2
6/8/2021,40-49,48588,44576,4012,11227,151,119,32
6/8/2021,50-59,51961,48100,3861,10004,460,389,71
6/8/2021,60-69,34408,32224,2184,7810,1090,939,151
6/8/2021,70-79,17662,16609,1053,6541,1850,1564,286
6/8/2021,80 and older,16549,15092,1457,10021,4647,3719,928
8/30/2021,0-9,23967,22302,1665,6367,1,1,0
8/30/2021,19-Oct,44630,40276,4354,9849,4,4,0
8/30/2021,20-29,65939,58581,7358,14169,11,11,0
8/30/2021,30-39,58295,52497,5798,13176,45,43,2
8/30/2021,40-49,51753,47230,4523,11958,156,125,31
8/30/2021,50-59,54671,50336,4335,10526,478,403,75
8/30/2021,60-69,36171,33728,2443,8210,1104,955,149
8/30/2021,70-79,18620,17455,1165,6896,1871,1585,286
8/30/2021,80 and older,17106,15554,1552,10358,4688,3755,933
8/31/2021,0-9,24087,22407,1680,6398,1,1,0
8/31/2021,19-Oct,44744,40365,4379,9874,4,4,0
8/31/2021,20-29,66143,58726,7417,14212,11,11,0
8/31/2021,30-39,58473,52634,5839,13216,45,43,2
8/31/2021,40-49,51883,47329,4554,11988,156,125,31
8/31/2021,50-59,54795,50427,4368,10550,478,403,75
8/31/2021,60-69,36253,33795,2458,8229,1104,955,149
8/31/2021,70-79,18650,17481,1169,6907,1871,1585,286
8/31/2021,80 and older,17127,15573,1554,10371,4688,3755,933
9/1/2021,0-9,24166,22481,1685,6419,1,1,0
9/1/2021,19-Oct,44818,40430,4388,9891,4,4,0
9/1/2021,20-29,66257,58814,7443,14237,11,11,0
9/1/2021,30-39,58579,52724,5855,13240,45,43,2
9/1/2021,40-49,51975,47404,4571,12010,156,125,31
9/1/2021,50-59,54913,50530,4383,10573,478,403,75
9/1/2021,60-69,36314,33852,2462,8242,1104,955,149
9/1/2021,70-79,18693,17511,1182,6923,1871,1585,286
9/1/2021,80 and older,17152,15589,1563,10386,4688,3755,933
9/2/2021,0-9,24265,22570,1695,6446,1,1,0
9/2/2021,19-Oct,44891,40497,4394,9907,4,4,0
9/2/2021,20-29,66374,58933,7441,14262,11,11,0
9/2/2021,30-39,58693,52839,5854,13266,46,44,2
9/2/2021,40-49,52070,47497,4573,12032,158,126,32
9/2/2021,50-59,54984,50595,4389,10587,485,408,77
9/2/2021,60-69,36368,33902,2466,8255,1107,957,150
9/2/2021,70-79,18732,17546,1186,6937,1878,1592,286
9/2/2021,80 and older,17174,15613,1561,10400,4704,3768,936
9/3/2021,0-9,24352,22652,1700,6469,1,1,0
9/3/2021,19-Oct,44973,40567,4406,9925,4,4,0
9/3/2021,20-29,66505,59036,7469,14290,11,11,0
9/3/2021,30-39,58800,52921,5879,13290,46,44,2
9/3/2021,40-49,52147,47565,4582,12049,158,126,32
9/3/2021,50-59,55067,50667,4400,10602,485,408,77
9/3/2021,60-69,36422,33946,2476,8267,1107,957,150
9/3/2021,70-79,18760,17566,1194,6948,1878,1592,286
9/3/2021,80 and older,17191,15627,1564,10410,4704,3768,936
9/7/2021,0-9,24550,22839,1711,6521,1,1,0
9/7/2021,19-Oct,45209,40781,4428,9977,4,4,0
9/7/2021,20-29,66786,59285,7501,14351,11,11,0
9/7/2021,30-39,59056,53138,5918,13348,46,44,2
9/7/2021,40-49,52323,47722,4601,12090,158,126,32
9/7/2021,50-59,55265,50844,4421,10641,485,408,77
9/7/2021,60-69,36558,34076,2482,8298,1107,957,150
9/7/2021,70-79,18846,17648,1198,6979,1878,1592,286
9/7/2021,80 and older,17236,15668,1568,10437,4705,3769,936
9/8/2021,0-9,24650,22912,1738,6548,1,1,0
9/8/2021,19-Oct,45354,40887,4467,10009,4,4,0
6/9/2021,0-9,21413,20046,1367,5688,1,1,0
6/9/2021,19-Oct,41548,37734,3814,9169,3,3,0
6/9/2021,20-29,61009,54692,6317,13109,10,10,0
6/9/2021,30-39,54122,49113,5009,12233,43,41,2
6/9/2021,40-49,48600,44588,4012,11230,151,119,32
6/9/2021,50-59,51979,48108,3871,10008,460,389,71
6/9/2021,60-69,34416,32232,2184,7812,1091,940,151
6/9/2021,70-79,17665,16610,1055,6542,1851,1565,286
6/9/2021,80 and older,16551,15094,1457,10022,4647,3719,928
6/10/2021,0-9,21423,20056,1367,5691,1,1,0
6/10/2021,19-Oct,41553,37739,3814,9170,3,3,0
6/10/2021,20-29,61027,54705,6322,13113,10,10,0
6/10/2021,30-39,54130,49119,5011,12235,43,41,2
6/10/2021,40-49,48612,44597,4015,11232,151,119,32
6/10/2021,50-59,51978,48108,3870,10008,462,391,71
6/10/2021,60-69,34420,32236,2184,7813,1091,940,151
6/10/2021,70-79,17666,16611,1055,6542,1851,1565,286
6/10/2021,80 and older,16553,15096,1457,10024,4648,3720,928
6/11/2021,0-9,21429,20062,1367,5692,1,1,0
6/11/2021,19-Oct,41556,37742,3814,9171,3,3,0
6/11/2021,20-29,61029,54708,6321,13114,10,10,0
6/11/2021,30-39,54138,49123,5015,12237,43,41,2
6/11/2021,40-49,48619,44603,4016,11234,151,119,32
6/11/2021,50-59,51984,48111,3873,10009,463,391,72
6/11/2021,60-69,34421,32235,2186,7813,1091,940,151
6/11/2021,70-79,17668,16613,1055,6543,1851,1565,286
6/11/2021,80 and older,16553,15096,1457,10024,4648,3720,928
6/14/2021,0-9,21441,20072,1369,5696,1,1,0
6/14/2021,19-Oct,41576,37757,3819,9175,3,3,0
6/14/2021,20-29,61050,54727,6323,13118,10,10,0
6/14/2021,30-39,54155,49136,5019,12240,43,41,2
6/14/2021,40-49,48635,44614,4021,11238,151,119,32
6/14/2021,50-59,51997,48120,3877,10011,463,391,72
6/14/2021,60-69,34433,32246,2187,7816,1092,941,151
6/14/2021,70-79,17673,16618,1055,6545,1851,1565,286
6/14/2021,80 and older,16554,15096,1458,10024,4649,3720,929
6/15/2021,0-9,21444,20074,1370,5696,1,1,0
6/15/2021,19-Oct,41584,37758,3826,9177,3,3,0
6/15/2021,20-29,61065,54737,6328,13121,10,10,0
6/15/2021,30-39,54162,49143,5019,12242,43,41,2
6/15/2021,40-49,48644,44620,4024,11240,151,119,32
6/15/2021,50-59,52005,48125,3880,10013,463,391,72
6/15/2021,60-69,34435,32248,2187,7816,1092,941,151
6/15/2021,70-79,17676,16621,1055,6546,1851,1565,286
6/15/2021,80 and older,16556,15098,1458,10025,4649,3720,929
6/16/2021,0-9,21447,20076,1371,5697,1,1,0
6/16/2021,19-Oct,41589,37761,3828,9178,3,3,0
6/16/2021,20-29,61072,54743,6329,13123,10,10,0
6/16/2021,30-39,54170,49150,5020,12244,43,41,2
6/16/2021,40-49,48649,44625,4024,11241,151,119,32
6/16/2021,50-59,52011,48131,3880,10014,463,391,72
6/16/2021,60-69,34440,32250,2190,7817,1092,941,151
6/16/2021,70-79,17679,16625,1054,6547,1852,1566,286
6/16/2021,80 and older,16558,15098,1460,10027,4650,3720,930
6/17/2021,0-9,21450,20079,1371,5698,1,1,0
6/17/2021,19-Oct,41598,37766,3832,9180,3,3,0
6/17/2021,20-29,61078,54744,6334,13124,10,10,0
6/17/2021,30-39,54179,49155,5024,12246,43,41,2
6/17/2021,40-49,48651,44628,4023,11242,151,119,32
6/17/2021,50-59,52013,48132,3881,10014,463,391,72
6/17/2021,60-69,34444,32251,2193,7818,1092,941,151
6/17/2021,70-79,17680,16626,1054,6548,1852,1566,286
6/17/2021,80 and older,16558,15097,1461,10027,4651,3720,931
6/18/2021,0-9,21461,20089,1372,5701,1,1,0
6/18/2021,19-Oct,41615,37782,3833,9184,3,3,0
6/18/2021,20-29,61089,54751,6338,13126,10,10,0
6/18/2021,30-39,54190,49161,5029,12248,43,41,2
6/18/2021,40-49,48662,44638,4024,11244,152,120,32
6/18/2021,50-59,52017,48137,3880,10015,463,391,72
6/18/2021,60-69,34451,32255,2196,7820,1092,941,151
6/18/2021,70-79,17680,16626,1054,6548,1852,1566,286
6/18/2021,80 and older,16559,15097,1462,10027,4654,3722,932
9/8/2021,20-29,66955,59397,7558,14387,11,11,0
9/8/2021,30-39,59199,53228,5971,13381,46,44,2
9/8/2021,40-49,52449,47791,4658,12119,158,126,32
9/8/2021,50-59,55356,50906,4450,10658,488,411,77
9/8/2021,60-69,36646,34139,2507,8318,1111,961,150
9/8/2021,70-79,18892,17681,1211,6997,1882,1596,286
9/8/2021,80 and older,17263,15682,1581,10453,4714,3774,940
12/8/2021,0-9,31479,29302,2177,8362,1,1,0
12/8/2021,19-Oct,52651,47562,5089,11619,4,4,0
12/8/2021,20-29,75355,66930,8425,16192,17,16,1
12/8/2021,30-39,68382,61595,6787,15456,61,53,8
12/8/2021,40-49,60068,54799,5269,13880,181,145,36
12/8/2021,50-59,62383,57323,5060,12011,528,443,85
12/8/2021,60-69,42065,39074,2991,9548,1215,1045,170
12/8/2021,70-79,21387,19939,1448,7921,2003,1689,314
12/8/2021,80 and older,18809,17044,1765,11390,4936,3932,1004
12/9/2021,0-9,31781,29563,2218,8442,1,1,0
12/9/2021,19-Oct,53074,47894,5180,11713,4,4,0
12/9/2021,20-29,75807,67238,8569,16289,17,16,1
12/9/2021,30-39,68834,61921,6913,15558,61,53,8
12/9/2021,40-49,60428,55057,5371,13963,181,145,36
12/9/2021,50-59,62730,57583,5147,12078,528,443,85
12/9/2021,60-69,42290,39243,3047,9599,1215,1045,170
12/9/2021,70-79,21465,19999,1466,7949,2003,1689,314
12/9/2021,80 and older,18850,17085,1765,11414,4936,3933,1003
12/10/2021,0-9,32254,30012,2242,8568,1,1,0
12/10/2021,19-Oct,53565,48363,5202,11821,4,4,0
12/10/2021,20-29,76313,67714,8599,16398,19,16,3
12/10/2021,30-39,69341,62392,6949,15673,63,54,9
12/10/2021,40-49,60871,55474,5397,14065,181,145,36
12/10/2021,50-59,63152,57982,5170,12159,529,444,85
12/10/2021,60-69,42560,39502,3058,9660,1220,1049,171
12/10/2021,70-79,21566,20094,1472,7987,2009,1695,314
12/10/2021,80 and older,18916,17127,1789,11454,4946,3943,1003
12/13/2021,0-9,33071,30426,2645,8785,1,1,0
12/13/2021,19-Oct,54714,48840,5874,12075,4,4,0
12/13/2021,20-29,77750,68166,9584,16706,19,16,3
12/13/2021,30-39,70745,62911,7834,15990,63,54,9
12/13/2021,40-49,61967,55879,6088,14318,181,145,36
12/13/2021,50-59,64200,58375,5825,12361,530,445,85
12/13/2021,60-69,43185,39739,3446,9802,1219,1048,171
12/13/2021,70-79,21793,20185,1608,8071,2008,1694,314
12/13/2021,80 and older,19003,17184,1819,11507,4947,3944,1003
12/14/2021,0-9,33444,30738,2706,8884,1,1,0
12/14/2021,19-Oct,55169,49204,5965,12175,4,4,0
12/14/2021,20-29,78209,68504,9705,16805,19,16,3
12/14/2021,30-39,71280,63333,7947,16111,63,54,9
12/14/2021,40-49,62392,56215,6177,14417,182,146,36
12/14/2021,50-59,64603,58692,5911,12439,532,447,85
12/14/2021,60-69,43393,39916,3477,9849,1223,1049,174
12/14/2021,70-79,21881,20248,1633,8103,2017,1700,317
12/14/2021,80 and older,19057,17228,1829,11540,4959,3953,1006
12/15/2021,0-9,33692,30936,2756,8950,1,1,0
12/15/2021,19-Oct,55408,49393,6015,12228,4,4,0
12/15/2021,20-29,78461,68724,9737,16859,19,16,3
12/15/2021,30-39,71582,63620,7962,16179,63,54,9
6/21/2021,0-9,21472,20099,1373,5704,1,1,0
6/21/2021,19-Oct,41643,37800,3843,9190,3,3,0
6/21/2021,20-29,61103,54762,6341,13129,10,10,0
6/21/2021,30-39,54219,49190,5029,12255,43,41,2
6/21/2021,40-49,48665,44638,4027,11245,152,120,32
6/21/2021,50-59,52029,48146,3883,10018,463,391,72
6/21/2021,60-69,34451,32256,2195,7820,1091,941,150
6/21/2021,70-79,17682,16629,1053,6548,1852,1566,286
6/21/2021,80 and older,16560,15098,1462,10028,4654,3722,932
6/22/2021,0-9,21479,20107,1372,5706,1,1,0
6/22/2021,19-Oct,41654,37804,3850,9192,3,3,0
6/22/2021,20-29,61114,54768,6346,13132,10,10,0
6/22/2021,30-39,54224,49190,5034,12256,43,41,2
6/22/2021,40-49,48669,44642,4027,11246,152,120,32
6/22/2021,50-59,52032,48147,3885,10018,463,391,72
6/22/2021,60-69,34455,32259,2196,7821,1092,942,150
6/22/2021,70-79,17682,16629,1053,6548,1852,1566,286
6/22/2021,80 and older,16561,15099,1462,10028,4655,3723,932
6/23/2021,0-9,21482,20110,1372,5706,1,1,0
6/23/2021,19-Oct,41659,37806,3853,9194,3,3,0
6/23/2021,20-29,61124,54772,6352,13134,10,10,0
6/23/2021,30-39,54229,49195,5034,12257,43,41,2
6/23/2021,40-49,48678,44647,4031,11248,152,120,32
6/23/2021,50-59,52036,48151,3885,10019,463,391,72
6/23/2021,60-69,34455,32259,2196,7821,1092,942,150
6/23/2021,70-79,17685,16631,1054,6550,1852,1566,286
6/23/2021,80 and older,16560,15099,1461,10028,4655,3723,932
6/24/2021,0-9,21499,20124,1375,5711,1,1,0
6/24/2021,19-Oct,41678,37822,3856,9198,3,3,0
6/24/2021,20-29,61160,54806,6354,13142,10,10,0
6/24/2021,30-39,54251,49218,5033,12262,43,41,2
6/24/2021,40-49,48694,44660,4034,11251,152,120,32
6/24/2021,50-59,52053,48164,3889,10022,463,392,71
6/24/2021,60-69,34470,32273,2197,7824,1092,942,150
6/24/2021,70-79,17691,16640,1051,6552,1853,1568,285
6/24/2021,80 and older,16566,15104,1462,10031,4657,3725,932
6/25/2021,0-9,21508,20132,1376,5713,1,1,0
6/25/2021,19-Oct,41704,37844,3860,9203,3,3,0
6/25/2021,20-29,61179,54829,6350,13146,10,10,0
6/25/2021,30-39,54276,49243,5033,12268,43,41,2
6/25/2021,40-49,48714,44680,4034,11256,152,120,32
6/25/2021,50-59,52064,48177,3887,10024,463,392,71
6/25/2021,60-69,34480,32284,2196,7826,1092,942,150
6/25/2021,70-79,17695,16645,1050,6553,1853,1568,285
6/25/2021,80 and older,16570,15111,1459,10034,4658,3728,930
6/28/2021,0-9,21522,20142,1380,5717,1,1,0
6/28/2021,19-Oct,41724,37858,3866,9208,3,3,0
6/28/2021,20-29,61208,54856,6352,13152,10,10,0
6/28/2021,30-39,54305,49270,5035,12274,43,41,2
6/28/2021,40-49,48728,44693,4035,11259,152,120,32
6/28/2021,50-59,52084,48196,3888,10028,463,392,71
6/28/2021,60-69,34489,32292,2197,7828,1093,942,151
6/28/2021,70-79,17701,16650,1051,6555,1853,1568,285
6/28/2021,80 and older,16574,15116,1458,10036,4658,3728,930
6/29/2021,0-9,21525,20144,1381,5718,1,1,0
6/29/2021,19-Oct,41731,37864,3867,9209,3,3,0
6/29/2021,20-29,61213,54859,6354,13153,10,10,0
6/29/2021,30-39,54310,49273,5037,12275,43,41,2
6/29/2021,40-49,48732,44697,4035,11260,152,120,32
6/29/2021,50-59,52091,48201,3890,10029,463,392,71
6/29/2021,60-69,34492,32295,2197,7829,1093,942,151
6/29/2021,70-79,17704,16653,1051,6557,1853,1568,285
6/29/2021,80 and older,16578,15120,1458,10039,4658,3728,930
6/30/2021,0-9,21530,20148,1382,5719,1,1,0
6/30/2021,19-Oct,41743,37871,3872,9212,3,3,0
6/30/2021,20-29,61219,54861,6358,13154,10,10,0
6/30/2021,30-39,54317,49278,5039,12277,43,41,2
6/30/2021,40-49,48737,44702,4035,11261,152,120,32
6/30/2021,50-59,52098,48205,3893,10031,464,393,71
6/30/2021,60-69,34498,32297,2201,7830,1093,942,151
6/30/2021,70-79,17706,16654,1052,6557,1853,1568,285
6/30/2021,80 and older,16579,15120,1459,10039,4659,3728,931
9/9/2021,0-9,24771,23016,1755,6580,1,1,0
9/9/2021,19-Oct,45423,40941,4482,10024,4,4,0
9/9/2021,20-29,67043,59454,7589,14406,11,11,0
9/9/2021,30-39,59290,53302,5988,13401,46,44,2
9/9/2021,40-49,52516,47840,4676,12135,158,126,32
9/9/2021,50-59,55437,50962,4475,10674,488,411,77
9/9/2021,60-69,36690,34167,2523,8328,1112,961,151
9/9/2021,70-79,18932,17713,1219,7011,1882,1596,286
9/9/2021,80 and older,17286,15696,1590,10467,4714,3774,940
9/10/2021,0-9,24854,23096,1758,6602,1,1,0
9/10/2021,19-Oct,45542,41050,4492,10050,4,4,0
9/10/2021,20-29,67151,59543,7608,14429,11,11,0
9/10/2021,30-39,59380,53376,6004,13421,46,44,2
9/10/2021,40-49,52584,47898,4686,12150,158,126,32
9/10/2021,50-59,55501,51023,4478,10686,490,412,78
9/10/2021,60-69,36750,34223,2527,8341,1113,962,151
9/10/2021,70-79,18951,17729,1222,7018,1884,1598,286
9/10/2021,80 and older,17301,15708,1593,10477,4717,3775,942
9/13/2021,0-9,25008,23225,1783,6643,1,1,0
9/13/2021,19-Oct,45754,41228,4526,10097,4,4,0
9/13/2021,20-29,67394,59736,7658,14481,11,11,0
9/13/2021,30-39,59611,53570,6041,13474,46,44,2
9/13/2021,40-49,52745,48030,4715,12187,158,126,32
9/13/2021,50-59,55645,51142,4503,10714,490,412,78
9/13/2021,60-69,36852,34312,2540,8365,1113,962,151
9/13/2021,70-79,19010,17777,1233,7040,1884,1598,286
9/13/2021,80 and older,17338,15746,1592,10499,4717,3775,942
9/14/2021,0-9,25119,23329,1790,6673,1,1,0
9/14/2021,19-Oct,45921,41379,4542,10134,4,4,0
9/14/2021,20-29,67585,59918,7667,14522,11,11,0
9/14/2021,30-39,59781,53719,6062,13512,46,44,2
9/14/2021,40-49,52866,48149,4717,12215,159,127,32
9/14/2021,50-59,55762,51242,4520,10736,492,414,78
9/14/2021,60-69,36958,34396,2562,8389,1118,965,153
9/14/2021,70-79,19054,17809,1245,7057,1889,1601,288
9/14/2021,80 and older,17361,15770,1591,10513,4726,3783,943
9/15/2021,0-9,25165,23367,1798,6685,1,1,0
9/15/2021,19-Oct,45998,41442,4556,10151,4,4,0
9/15/2021,20-29,67630,59952,7678,14532,11,11,0
9/15/2021,30-39,59860,53786,6074,13530,46,44,2
9/15/2021,40-49,52914,48190,4724,12227,159,127,32
9/15/2021,50-59,55805,51279,4526,10745,492,414,78
9/15/2021,60-69,36997,34430,2567,8398,1118,965,153
9/15/2021,70-79,19073,17826,1247,7064,1889,1601,288
9/15/2021,80 and older,17367,15774,1593,10516,4727,3783,944
9/16/2021,0-9,25297,23456,1841,6720,1,1,0
9/16/2021,19-Oct,46187,41537,4650,10193,4,4,0
9/16/2021,20-29,67828,60070,7758,14575,11,11,0
9/16/2021,30-39,60028,53903,6125,13568,46,44,2
9/16/2021,40-49,53048,48286,4762,12257,159,127,32
9/16/2021,50-59,55908,51344,4564,10764,492,414,78
9/16/2021,60-69,37087,34500,2587,8418,1118,965,153
9/16/2021,70-79,19107,17858,1249,7076,1889,1601,288
9/16/2021,80 and older,17382,15784,1598,10526,4727,3783,944
9/17/2021,0-9,25542,23644,1898,6785,1,1,0
9/17/2021,19-Oct,46445,41702,4743,10250,4,4,0
7/1/2021,0-9,21534,20151,1383,5720,1,1,0
7/1/2021,19-Oct,41746,37875,3871,9213,3,3,0
7/1/2021,20-29,61227,54865,6362,13156,10,10,0
7/1/2021,30-39,54322,49280,5042,12278,43,41,2
7/1/2021,40-49,48740,44706,4034,11262,152,120,32
7/1/2021,50-59,52106,48213,3893,10032,465,394,71
7/1/2021,60-69,34499,32298,2201,7831,1093,942,151
7/1/2021,70-79,17707,16655,1052,6558,1853,1568,285
7/1/2021,80 and older,16581,15122,1459,10041,4659,3728,931
7/2/2021,0-9,21542,20156,1386,5722,1,1,0
7/2/2021,19-Oct,41756,37882,3874,9215,3,3,0
7/2/2021,20-29,61244,54873,6371,13160,10,10,0
7/2/2021,30-39,54339,49293,5046,12282,43,41,2
7/2/2021,40-49,48748,44710,4038,11264,152,120,32
7/2/2021,50-59,52124,48221,3903,10036,465,394,71
7/2/2021,60-69,34507,32306,2201,7832,1093,942,151
7/2/2021,70-79,17709,16656,1053,6558,1853,1568,285
7/2/2021,80 and older,16582,15122,1460,10041,4659,3728,931
7/6/2021,0-9,21552,20165,1387,5725,1,1,0
7/6/2021,19-Oct,41772,37896,3876,9218,3,3,0
7/6/2021,20-29,61296,54916,6380,13171,10,10,0
7/6/2021,30-39,54390,49335,5055,12294,43,41,2
7/6/2021,40-49,48764,44724,4040,11268,152,120,32
7/6/2021,50-59,52138,48236,3902,10039,465,394,71
7/6/2021,60-69,34517,32317,2200,7835,1093,943,150
7/6/2021,70-79,17714,16662,1052,6560,1854,1569,285
7/6/2021,80 and older,16587,15129,1458,10044,4658,3730,928
7/7/2021,0-9,21563,20174,1389,5728,1,1,0
7/7/2021,19-Oct,41782,37902,3880,9221,3,3,0
7/7/2021,20-29,61313,54929,6384,13175,10,10,0
7/7/2021,30-39,54400,49344,5056,12296,43,41,2
7/7/2021,40-49,48782,44738,4044,11272,152,120,32
7/7/2021,50-59,52153,48246,3907,10041,465,394,71
7/7/2021,60-69,34521,32320,2201,7836,1093,943,150
7/7/2021,70-79,17718,16665,1053,6562,1854,1569,285
7/7/2021,80 and older,16588,15130,1458,10045,4657,3729,928
7/8/2021,0-9,21566,20176,1390,5729,1,1,0
7/8/2021,19-Oct,41785,37906,3879,9221,3,3,0
7/8/2021,20-29,61328,54937,6391,13178,10,10,0
7/8/2021,30-39,54408,49348,5060,12298,43,41,2
7/8/2021,40-49,48791,44744,4047,11274,152,120,32
7/8/2021,50-59,52157,48251,3906,10042,465,394,71
7/8/2021,60-69,34527,32323,2204,7837,1093,943,150
7/8/2021,70-79,17720,16665,1055,6562,1854,1569,285
7/8/2021,80 and older,16591,15132,1459,10047,4658,3729,929
7/9/2021,0-9,21583,20191,1392,5733,1,1,0
7/9/2021,19-Oct,41822,37944,3878,9229,3,3,0
7/9/2021,20-29,61369,54965,6404,13187,10,10,0
7/9/2021,30-39,54440,49371,5069,12305,43,41,2
7/9/2021,40-49,48814,44761,4053,11279,152,120,32
7/9/2021,50-59,52165,48256,3909,10044,465,394,71
7/9/2021,60-69,34535,32330,2205,7839,1093,943,150
7/9/2021,70-79,17724,16670,1054,6564,1854,1569,285
7/9/2021,80 and older,16592,15133,1459,10047,4658,3729,929
7/12/2021,0-9,21589,20196,1393,5735,1,1,0
7/12/2021,19-Oct,41836,37953,3883,9233,3,3,0
7/12/2021,20-29,61383,54972,6411,13190,10,10,0
7/12/2021,30-39,54455,49382,5073,12308,43,41,2
7/12/2021,40-49,48819,44765,4054,11280,152,120,32
7/12/2021,50-59,52169,48259,3910,10045,465,394,71
7/12/2021,60-69,34538,32330,2208,7839,1093,943,150
7/12/2021,70-79,17728,16673,1055,6565,1854,1569,285
7/12/2021,80 and older,16598,15133,1465,10051,4658,3729,929
7/13/2021,0-9,21600,20208,1392,5738,1,1,0
7/13/2021,19-Oct,41873,37984,3889,9241,3,3,0
7/13/2021,20-29,61442,55019,6423,13202,10,10,0
7/13/2021,30-39,54492,49409,5083,12317,43,41,2
7/13/2021,40-49,48845,44785,4060,11286,152,120,32
7/13/2021,50-59,52188,48271,3917,10048,465,394,71
7/13/2021,60-69,34554,32343,2211,7843,1093,943,150
7/13/2021,70-79,17730,16677,1053,6566,1854,1569,285
7/13/2021,80 and older,16599,15134,1465,10051,4658,3729,929
9/17/2021,20-29,68075,60219,7856,14628,11,11,0
9/17/2021,30-39,60275,54044,6231,13624,46,44,2
9/17/2021,40-49,53246,48405,4841,12303,161,129,32
9/17/2021,50-59,56085,51467,4618,10798,494,416,78
9/17/2021,60-69,37199,34583,2616,8443,1120,967,153
9/17/2021,70-79,19152,17895,1257,7093,1893,1604,289
9/17/2021,80 and older,17398,15797,1601,10535,4733,3787,946
12/15/2021,40-49,62614,56413,6201,14468,182,146,36
12/15/2021,50-59,64843,58892,5951,12485,533,447,86
12/15/2021,60-69,43539,40049,3490,9882,1223,1049,174
12/15/2021,70-79,21931,20291,1640,8122,2017,1700,317
12/15/2021,80 and older,19081,17248,1833,11554,4960,3954,1006
2/28/2022,0-9,65481,60196,5285,17394,2,2,0
2/28/2022,19-Oct,93888,83821,10067,20720,4,4,0
2/28/2022,20-29,123643,108526,15117,26568,25,22,3
2/28/2022,30-39,117836,104960,12876,26634,95,78,17
2/28/2022,40-49,100170,89889,10281,23146,234,190,44
2/28/2022,50-59,99090,89294,9796,19079,684,579,105
2/28/2022,60-69,64762,58935,5827,14700,1522,1298,224
2/28/2022,70-79,31842,29172,2670,11792,2346,1966,380
2/28/2022,80 and older,25457,22706,2751,15415,5558,4433,1125
3/1/2022,0-9,65501,60214,5287,17400,2,2,0
3/1/2022,19-Oct,93915,83845,10070,20726,4,4,0
3/1/2022,20-29,123672,108548,15124,26574,25,22,3
3/1/2022,30-39,117853,104974,12879,26638,95,78,17
3/1/2022,40-49,100190,89909,10281,23150,234,190,44
3/1/2022,50-59,99111,89313,9798,19083,684,579,105
3/1/2022,60-69,64781,58953,5828,14704,1522,1298,224
3/1/2022,70-79,31851,29181,2670,11796,2346,1966,380
3/1/2022,80 and older,25465,22715,2750,15420,5559,4433,1126
3/2/2022,0-9,65522,60234,5288,17405,2,2,0
3/2/2022,19-Oct,93944,83872,10072,20732,4,4,0
3/2/2022,20-29,123731,108594,15137,26587,25,22,3
3/2/2022,30-39,117888,105008,12880,26646,97,80,17
3/2/2022,40-49,100216,89932,10284,23156,236,192,44
3/2/2022,50-59,99133,89332,9801,19087,687,581,106
3/2/2022,60-69,64808,58976,5832,14710,1531,1307,224
3/2/2022,70-79,31864,29191,2673,11801,2353,1972,381
3/2/2022,80 and older,25483,22726,2757,15431,5577,4444,1133
3/3/2022,0-9,65582,60294,5288,17421,2,2,0
3/3/2022,19-Oct,94014,83940,10074,20748,4,4,0
3/3/2022,20-29,123855,108715,15140,26613,25,22,3
3/3/2022,30-39,117982,105103,12879,26667,98,81,17
3/3/2022,40-49,100286,90001,10285,23173,236,192,44
3/3/2022,50-59,99186,89383,9803,19097,688,582,106
3/3/2022,60-69,64861,59029,5832,14722,1531,1307,224
3/3/2022,70-79,31902,29226,2676,11815,2353,1972,381
3/3/2022,80 and older,25513,22757,2756,15449,5578,4444,1134
3/4/2022,0-9,65651,60334,5317,17440,2,2,0
3/4/2022,19-Oct,94085,83990,10095,20763,4,4,0
3/4/2022,20-29,123933,108781,15152,26630,25,22,3
3/4/2022,30-39,118040,105151,12889,26680,100,83,17
3/4/2022,40-49,100320,90030,10290,23180,236,192,44
3/4/2022,50-59,99235,89429,9806,19107,691,585,106
3/4/2022,60-69,64895,59059,5836,14730,1535,1311,224
3/4/2022,70-79,31927,29252,2675,11824,2361,1979,382
3/4/2022,80 and older,25528,22767,2761,15458,5589,4448,1141
3/7/2022,0-9,66015,60692,5323,17536,2,2,0
7/14/2021,0-9,21623,20227,1396,5744,1,1,0
7/14/2021,19-Oct,41892,37991,3901,9245,3,3,0
7/14/2021,20-29,61475,55044,6431,13209,10,10,0
7/14/2021,30-39,54519,49430,5089,12323,43,41,2
7/14/2021,40-49,48850,44789,4061,11287,152,120,32
7/14/2021,50-59,52203,48281,3922,10051,465,394,71
7/14/2021,60-69,34565,32350,2215,7846,1093,943,150
7/14/2021,70-79,17735,16679,1056,6568,1854,1569,285
7/14/2021,80 and older,16602,15137,1465,10053,4658,3729,929
7/15/2021,0-9,21635,20233,1402,5747,1,1,0
7/15/2021,19-Oct,41910,38001,3909,9249,3,3,0
7/15/2021,20-29,61510,55066,6444,13217,10,10,0
7/15/2021,30-39,54551,49445,5106,12330,43,41,2
7/15/2021,40-49,48868,44801,4067,11292,152,120,32
7/15/2021,50-59,52222,48291,3931,10055,466,394,72
7/15/2021,60-69,34572,32355,2217,7847,1094,944,150
7/15/2021,70-79,17744,16685,1059,6571,1855,1570,285
7/15/2021,80 and older,16602,15137,1465,10053,4658,3729,929
7/16/2021,0-9,21645,20240,1405,5750,1,1,0
7/16/2021,19-Oct,41927,38016,3911,9253,3,3,0
7/16/2021,20-29,61545,55090,6455,13224,10,10,0
7/16/2021,30-39,54579,49464,5115,12336,43,41,2
7/16/2021,40-49,48890,44818,4072,11297,152,120,32
7/16/2021,50-59,52238,48300,3938,10058,466,394,72
7/16/2021,60-69,34578,32359,2219,7848,1094,944,150
7/16/2021,70-79,17746,16687,1059,6572,1855,1570,285
7/16/2021,80 and older,16604,15139,1465,10054,4658,3729,929
7/19/2021,0-9,21685,20274,1411,5760,1,1,0
7/19/2021,19-Oct,41991,38066,3925,9267,3,3,0
7/19/2021,20-29,61645,55170,6475,13246,10,10,0
7/19/2021,30-39,54644,49520,5124,12351,43,41,2
7/19/2021,40-49,48934,44855,4079,11307,152,120,32
7/19/2021,50-59,52296,48353,3943,10069,466,394,72
7/19/2021,60-69,34599,32376,2223,7853,1094,944,150
7/19/2021,70-79,17760,16698,1062,6577,1855,1570,285
7/19/2021,80 and older,16607,15142,1465,10056,4658,3729,929
7/20/2021,0-9,21702,20290,1412,5765,1,1,0
7/20/2021,19-Oct,42014,38084,3930,9272,3,3,0
7/20/2021,20-29,61691,55201,6490,13256,10,10,0
7/20/2021,30-39,54686,49554,5132,12360,43,41,2
7/20/2021,40-49,48961,44877,4084,11313,152,120,32
7/20/2021,50-59,52331,48375,3956,10076,466,395,71
7/20/2021,60-69,34618,32393,2225,7858,1094,944,150
7/20/2021,70-79,17767,16703,1064,6580,1855,1570,285
7/20/2021,80 and older,16609,15145,1464,10057,4658,3729,929
7/21/2021,0-9,21733,20315,1418,5773,1,1,0
7/21/2021,19-Oct,42047,38105,3942,9279,3,3,0
7/21/2021,20-29,61744,55229,6515,13267,10,10,0
7/21/2021,30-39,54719,49577,5142,12368,43,41,2
7/21/2021,40-49,48991,44893,4098,11320,152,120,32
7/21/2021,50-59,52356,48393,3963,10081,466,395,71
7/21/2021,60-69,34633,32402,2231,7861,1094,944,150
7/21/2021,70-79,17773,16705,1068,6582,1855,1570,285
7/21/2021,80 and older,16611,15146,1465,10059,4658,3729,929
7/22/2021,0-9,21767,20347,1420,5782,1,1,0
7/22/2021,19-Oct,42086,38139,3947,9288,3,3,0
7/22/2021,20-29,61811,55280,6531,13282,10,10,0
7/22/2021,30-39,54764,49611,5153,12378,43,41,2
7/22/2021,40-49,49029,44926,4103,11329,153,121,32
7/22/2021,50-59,52397,48422,3975,10088,466,395,71
7/22/2021,60-69,34653,32419,2234,7865,1094,944,150
7/22/2021,70-79,17780,16712,1068,6585,1857,1572,285
7/22/2021,80 and older,16616,15151,1465,10062,4659,3730,929
7/23/2021,0-9,21787,20365,1422,5788,1,1,0
7/23/2021,19-Oct,42112,38159,3953,9293,3,3,0
7/23/2021,20-29,61868,55325,6543,13294,10,10,0
7/23/2021,30-39,54796,49639,5157,12385,43,41,2
7/23/2021,40-49,49062,44952,4110,11336,153,121,32
7/23/2021,50-59,52424,48449,3975,10094,466,395,71
7/23/2021,60-69,34666,32430,2236,7868,1094,944,150
7/23/2021,70-79,17783,16716,1067,6586,1857,1572,285
7/23/2021,80 and older,16617,15152,1465,10062,4659,3730,929
9/20/2021,0-9,25767,23860,1907,6845,1,1,0
9/20/2021,19-Oct,46686,41931,4755,10303,4,4,0
9/20/2021,20-29,68291,60421,7870,14674,11,11,0
9/20/2021,30-39,60501,54252,6249,13675,46,44,2
9/20/2021,40-49,53410,48558,4852,12341,161,129,32
9/20/2021,50-59,56222,51590,4632,10825,494,416,78
9/20/2021,60-69,37321,34698,2623,8471,1120,967,153
9/20/2021,70-79,19228,17970,1258,7121,1893,1604,289
9/20/2021,80 and older,17438,15832,1606,10559,4732,3786,946
9/21/2021,0-9,25819,23911,1908,6859,2,1,1
9/21/2021,19-Oct,46724,41969,4755,10311,4,4,0
9/21/2021,20-29,68351,60483,7868,14687,11,11,0
9/21/2021,30-39,60563,54312,6251,13689,46,44,2
9/21/2021,40-49,53464,48611,4853,12354,161,129,32
9/21/2021,50-59,56272,51642,4630,10834,496,418,78
9/21/2021,60-69,37364,34741,2623,8481,1120,967,153
9/21/2021,70-79,19253,17995,1258,7130,1898,1608,290
9/21/2021,80 and older,17451,15843,1608,10567,4739,3791,948
9/22/2021,0-9,25904,23994,1910,6881,2,1,1
9/22/2021,19-Oct,46794,42040,4754,10327,4,4,0
9/22/2021,20-29,68412,60544,7868,14700,11,11,0
9/22/2021,30-39,60640,54394,6246,13706,47,45,2
9/22/2021,40-49,53542,48684,4858,12372,161,129,32
9/22/2021,50-59,56332,51703,4629,10846,496,418,78
9/22/2021,60-69,37400,34777,2623,8489,1121,968,153
9/22/2021,70-79,19269,18010,1259,7136,1899,1609,290
9/22/2021,80 and older,17458,15851,1607,10572,4743,3796,947
9/23/2021,0-9,25990,24076,1914,6904,1,1,0
9/23/2021,19-Oct,46889,42132,4757,10348,4,4,0
9/23/2021,20-29,68502,60631,7871,14719,11,11,0
9/23/2021,30-39,60732,54480,6252,13727,47,45,2
9/23/2021,40-49,53627,48766,4861,12391,161,129,32
9/23/2021,50-59,56392,51763,4629,10858,496,418,78
9/23/2021,60-69,37453,34827,2626,8501,1121,968,153
9/23/2021,70-79,19292,18035,1257,7145,1899,1609,290
9/23/2021,80 and older,17466,15859,1607,10576,4743,3796,947
9/24/2021,0-9,26051,24132,1919,6920,1,1,0
9/24/2021,19-Oct,46958,42195,4763,10363,4,4,0
9/24/2021,20-29,68570,60693,7877,14734,11,11,0
9/24/2021,30-39,60811,54555,6256,13745,47,45,2
9/24/2021,40-49,53684,48818,4866,12404,162,130,32
9/24/2021,50-59,56447,51816,4631,10868,497,419,78
9/24/2021,60-69,37501,34871,2630,8512,1129,976,153
9/24/2021,70-79,19313,18054,1259,7152,1901,1610,291
9/24/2021,80 and older,17479,15871,1608,10584,4749,3800,949
9/27/2021,0-9,26229,24269,1960,6967,1,1,0
9/27/2021,19-Oct,47173,42363,4810,10410,4,4,0
9/27/2021,20-29,68792,60861,7931,14782,12,11,1
9/27/2021,30-39,61056,54758,6298,13800,47,44,3
9/27/2021,40-49,53839,48947,4892,12440,161,129,32
9/27/2021,50-59,56610,51952,4658,10900,504,420,84
9/27/2021,60-69,37623,34966,2657,8540,1140,983,157
9/27/2021,70-79,19381,18093,1288,7178,1920,1616,304
9/27/2021,80 and older,17558,15901,1657,10632,4804,3817,987
9/28/2021,0-9,26294,24330,1964,6985,1,1,0
9/28/2021,19-Oct,47262,42442,4820,10430,4,4,0
9/28/2021,20-29,68870,60927,7943,14798,13,12,1
9/28/2021,30-39,61145,54839,6306,13820,48,45,3
7/26/2021,0-9,21846,20417,1429,5803,1,1,0
7/26/2021,19-Oct,42193,38223,3970,9311,3,3,0
7/26/2021,20-29,62006,55418,6588,13324,10,10,0
7/26/2021,30-39,54900,49710,5190,12409,43,41,2
7/26/2021,40-49,49134,45012,4122,11353,153,121,32
7/26/2021,50-59,52481,48488,3993,10105,466,395,71
7/26/2021,60-69,34715,32469,2246,7880,1094,944,150
7/26/2021,70-79,17796,16726,1070,6591,1858,1572,286
7/26/2021,80 and older,16632,15163,1469,10071,4660,3731,929
7/27/2021,0-9,21899,20463,1436,5817,1,1,0
7/27/2021,19-Oct,42252,38276,3976,9324,3,3,0
7/27/2021,20-29,62115,55512,6603,13347,10,10,0
7/27/2021,30-39,54994,49790,5204,12430,43,41,2
7/27/2021,40-49,49198,45067,4131,11368,153,121,32
7/27/2021,50-59,52529,48528,4001,10114,466,395,71
7/27/2021,60-69,34747,32494,2253,7887,1094,944,150
7/27/2021,70-79,17819,16747,1072,6599,1858,1572,286
7/27/2021,80 and older,16639,15169,1470,10076,4660,3731,929
7/28/2021,0-9,21940,20499,1441,5828,1,1,0
7/28/2021,19-Oct,42303,38323,3980,9336,3,3,0
7/28/2021,20-29,62193,55577,6616,13364,10,10,0
7/28/2021,30-39,55065,49845,5220,12446,43,41,2
7/28/2021,40-49,49251,45111,4140,11380,153,121,32
7/28/2021,50-59,52580,48569,4011,10124,466,395,71
7/28/2021,60-69,34772,32516,2256,7892,1094,944,150
7/28/2021,70-79,17833,16758,1075,6604,1858,1572,286
7/28/2021,80 and older,16646,15175,1471,10080,4660,3731,929
7/29/2021,0-9,21976,20532,1444,5838,1,1,0
7/29/2021,19-Oct,42343,38356,3987,9344,3,3,0
7/29/2021,20-29,62275,55644,6631,13381,10,10,0
7/29/2021,30-39,55119,49888,5231,12458,43,41,2
7/29/2021,40-49,49298,45146,4152,11391,153,121,32
7/29/2021,50-59,52619,48601,4018,10131,467,395,72
7/29/2021,60-69,34794,32534,2260,7897,1095,945,150
7/29/2021,70-79,17845,16769,1076,6609,1860,1574,286
7/29/2021,80 and older,16653,15179,1474,10084,4661,3731,930
7/30/2021,0-9,22031,20581,1450,5852,1,1,0
7/30/2021,19-Oct,42400,38395,4005,9357,3,3,0
7/30/2021,20-29,62400,55734,6666,13408,10,10,0
7/30/2021,30-39,55227,49963,5264,12483,43,41,2
7/30/2021,40-49,49342,45175,4167,11401,153,121,32
7/30/2021,50-59,52669,48636,4033,10141,467,395,72
7/30/2021,60-69,34833,32561,2272,7906,1095,945,150
7/30/2021,70-79,17849,16773,1076,6610,1860,1574,286
7/30/2021,80 and older,16662,15185,1477,10090,4661,3731,930
8/2/2021,0-9,22162,20693,1469,5887,1,1,0
8/2/2021,19-Oct,42563,38522,4041,9393,3,3,0
8/2/2021,20-29,62681,55956,6725,13469,10,10,0
8/2/2021,30-39,55453,50137,5316,12534,43,41,2
8/2/2021,40-49,49518,45326,4192,11442,153,121,32
8/2/2021,50-59,52780,48723,4057,10162,467,395,72
8/2/2021,60-69,34922,32640,2282,7927,1095,945,150
8/2/2021,70-79,17895,16809,1086,6627,1860,1574,286
8/2/2021,80 and older,16684,15200,1484,10103,4661,3731,930
8/3/2021,0-9,22214,20743,1471,5901,1,1,0
8/3/2021,19-Oct,42636,38594,4042,9409,3,3,0
8/3/2021,20-29,62805,56072,6733,13495,10,10,0
8/3/2021,30-39,55555,50238,5317,12557,43,41,2
8/3/2021,40-49,49585,45397,4188,11457,153,121,32
8/3/2021,50-59,52843,48786,4057,10174,467,395,72
8/3/2021,60-69,34971,32688,2283,7938,1095,945,150
8/3/2021,70-79,17931,16844,1087,6641,1860,1574,286
8/3/2021,80 and older,16702,15219,1483,10114,4660,3734,926
8/4/2021,0-9,22273,20787,1486,5917,1,1,0
8/4/2021,19-Oct,42710,38647,4063,9425,3,3,0
8/4/2021,20-29,62941,56158,6783,13524,10,10,0
8/4/2021,30-39,55647,50293,5354,12578,43,41,2
8/4/2021,40-49,49649,45448,4201,11472,153,121,32
8/4/2021,50-59,52899,48828,4071,10185,467,395,72
8/4/2021,60-69,35000,32708,2292,7944,1095,945,150
8/4/2021,70-79,17948,16859,1089,6647,1860,1574,286
8/4/2021,80 and older,16712,15227,1485,10120,4660,3734,926
9/28/2021,40-49,53919,49022,4897,12459,165,131,34
9/28/2021,50-59,56662,51998,4664,10910,510,424,86
9/28/2021,60-69,37677,35018,2659,8552,1146,988,158
9/28/2021,70-79,19416,18125,1291,7191,1930,1625,305
9/28/2021,80 and older,17570,15910,1660,10639,4809,3819,990
12/16/2021,0-9,33977,31212,2765,9026,1,1,0
12/16/2021,19-Oct,55765,49723,6042,12307,4,4,0
12/16/2021,20-29,78758,68985,9773,16923,19,16,3
12/16/2021,30-39,71916,63928,7988,16255,63,54,9
12/16/2021,40-49,62867,56643,6224,14526,182,146,36
12/16/2021,50-59,65038,59069,5969,12522,533,447,86
12/16/2021,60-69,43655,40152,3503,9909,1223,1049,174
12/16/2021,70-79,21987,20339,1648,8143,2017,1700,317
12/16/2021,80 and older,19103,17266,1837,11568,4960,3954,1006
12/17/2021,0-9,34182,31401,2781,9080,1,1,0
12/17/2021,19-Oct,55978,49905,6073,12354,4,4,0
12/17/2021,20-29,79009,69157,9852,16977,19,16,3
12/17/2021,30-39,72192,64132,8060,16317,63,54,9
12/17/2021,40-49,63088,56812,6276,14577,182,146,36
12/17/2021,50-59,65206,59204,6002,12555,533,447,86
12/17/2021,60-69,43773,40251,3522,9936,1223,1049,174
12/17/2021,70-79,22026,20377,1649,8157,2017,1700,317
12/17/2021,80 and older,19130,17291,1839,11584,4960,3954,1006
12/20/2021,0-9,35032,32225,2807,9306,1,1,0
12/20/2021,19-Oct,56920,50822,6098,12561,4,4,0
12/20/2021,20-29,80060,70135,9925,17203,19,16,3
12/20/2021,30-39,73242,65137,8105,16555,63,53,10
12/20/2021,40-49,63947,57637,6310,14776,185,149,36
12/20/2021,50-59,65930,59885,6045,12694,539,452,87
12/20/2021,60-69,44220,40684,3536,10037,1228,1051,177
12/20/2021,70-79,22211,20556,1655,8226,2027,1709,318
12/20/2021,80 and older,19227,17384,1843,11643,4976,3965,1011
12/21/2021,0-9,35740,32864,2876,9494,1,1,0
12/21/2021,19-Oct,57835,51641,6194,12763,4,4,0
12/21/2021,20-29,81024,70934,10090,17410,19,16,3
12/21/2021,30-39,74298,66020,8278,16793,67,57,10
12/21/2021,40-49,64813,58390,6423,14976,187,150,37
12/21/2021,50-59,66715,60534,6181,12845,543,456,87
12/21/2021,60-69,44644,41050,3594,10133,1234,1056,178
12/21/2021,70-79,22399,20714,1685,8295,2033,1710,323
12/21/2021,80 and older,19321,17461,1860,11700,4988,3974,1014
12/22/2021,0-9,36163,33269,2894,9606,1,1,0
12/22/2021,19-Oct,58396,52160,6236,12887,4,4,0
12/22/2021,20-29,81585,71454,10131,17531,19,16,3
12/22/2021,30-39,74903,66577,8326,16930,67,58,9
12/22/2021,40-49,65263,58809,6454,15080,187,150,37
12/22/2021,50-59,67105,60885,6220,12920,543,456,87
12/22/2021,60-69,44901,41281,3620,10192,1235,1057,178
12/22/2021,70-79,22482,20788,1694,8326,2034,1711,323
12/22/2021,80 and older,19356,17496,1860,11721,4988,3974,1014
12/23/2021,0-9,36507,33586,2921,9698,1,1,0
12/23/2021,19-Oct,58952,52649,6303,13010,4,4,0
12/23/2021,20-29,82201,71989,10212,17663,19,16,3
12/23/2021,30-39,75523,67108,8415,17070,67,58,9
12/23/2021,40-49,65764,59248,6516,15196,187,150,37
12/23/2021,50-59,67558,61290,6268,13007,543,456,87
12/23/2021,60-69,45111,41460,3651,10239,1235,1057,178
12/23/2021,70-79,22560,20859,1701,8355,2033,1710,323
8/5/2021,0-9,22367,20877,1490,5942,1,1,0
8/5/2021,19-Oct,42794,38720,4074,9444,3,3,0
8/5/2021,20-29,63090,56280,6810,13556,10,10,0
8/5/2021,30-39,55758,50396,5362,12603,44,42,2
8/5/2021,40-49,49716,45510,4206,11488,153,121,32
8/5/2021,50-59,52959,48883,4076,10197,468,396,72
8/5/2021,60-69,35038,32742,2296,7953,1095,945,150
8/5/2021,70-79,17975,16883,1092,6657,1860,1574,286
8/5/2021,80 and older,16727,15240,1487,10129,4662,3735,927
8/6/2021,0-9,22440,20933,1507,5961,1,1,0
8/6/2021,19-Oct,42878,38786,4092,9463,3,3,0
8/6/2021,20-29,63278,56434,6844,13597,10,10,0
8/6/2021,30-39,55888,50497,5391,12632,44,42,2
8/6/2021,40-49,49799,45578,4221,11507,153,121,32
8/6/2021,50-59,53046,48957,4089,10213,468,396,72
8/6/2021,60-69,35083,32779,2304,7963,1095,945,150
8/6/2021,70-79,18002,16908,1094,6667,1860,1574,286
8/6/2021,80 and older,16741,15251,1490,10137,4662,3735,927
8/9/2021,0-9,22585,21059,1526,6000,1,1,0
8/9/2021,19-Oct,43068,38953,4115,9504,3,3,0
8/9/2021,20-29,63535,56634,6901,13652,10,10,0
8/9/2021,30-39,56108,50670,5438,12682,44,42,2
8/9/2021,40-49,49972,45729,4243,11547,153,121,32
8/9/2021,50-59,53171,49069,4102,10237,468,397,71
8/9/2021,60-69,35171,32856,2315,7983,1095,945,150
8/9/2021,70-79,18057,16957,1100,6687,1860,1574,286
8/9/2021,80 and older,16775,15274,1501,10158,4662,3735,927
8/10/2021,0-9,22607,21082,1525,6005,1,1,0
8/10/2021,19-Oct,43099,38983,4116,9511,3,3,0
8/10/2021,20-29,63584,56686,6898,13663,10,10,0
8/10/2021,30-39,56160,50723,5437,12694,44,42,2
8/10/2021,40-49,50010,45770,4240,11556,153,121,32
8/10/2021,50-59,53200,49100,4100,10243,469,397,72
8/10/2021,60-69,35202,32884,2318,7990,1095,945,150
8/10/2021,70-79,18074,16973,1101,6694,1860,1574,286
8/10/2021,80 and older,16781,15280,1501,10162,4662,3735,927
8/11/2021,0-9,22685,21150,1535,6026,1,1,0
8/11/2021,19-Oct,43225,39088,4137,9539,3,3,0
8/11/2021,20-29,63764,56828,6936,13701,10,10,0
8/11/2021,30-39,56314,50865,5449,12728,44,42,2
8/11/2021,40-49,50143,45886,4257,11586,153,121,32
8/11/2021,50-59,53302,49181,4121,10263,469,397,72
8/11/2021,60-69,35276,32950,2326,8007,1095,945,150
8/11/2021,70-79,18120,17015,1105,6711,1860,1574,286
8/11/2021,80 and older,16803,15299,1504,10175,4662,3735,927
8/12/2021,0-9,22771,21228,1543,6049,1,1,0
8/12/2021,19-Oct,43313,39167,4146,9559,3,3,0
8/12/2021,20-29,63915,56958,6957,13734,10,10,0
8/12/2021,30-39,56433,50964,5469,12755,44,42,2
8/12/2021,40-49,50237,45974,4263,11608,154,122,32
8/12/2021,50-59,53397,49269,4128,10281,471,399,72
8/12/2021,60-69,35331,33003,2328,8019,1096,946,150
8/12/2021,70-79,18161,17054,1107,6726,1862,1576,286
8/12/2021,80 and older,16816,15311,1505,10183,4666,3737,929
8/13/2021,0-9,22826,21275,1551,6064,1,1,0
8/13/2021,19-Oct,43372,39217,4155,9572,3,3,0
8/13/2021,20-29,64019,57042,6977,13756,10,10,0
8/13/2021,30-39,56537,51037,5500,12779,44,42,2
8/13/2021,40-49,50313,46033,4280,11626,154,122,32
8/13/2021,50-59,53465,49325,4140,10294,471,399,72
8/13/2021,60-69,35376,33040,2336,8030,1096,946,150
8/13/2021,70-79,18182,17072,1110,6734,1862,1576,286
8/13/2021,80 and older,16827,15322,1505,10189,4666,3738,928
8/16/2021,0-9,23015,21443,1572,6114,1,1,0
8/16/2021,19-Oct,43586,39391,4195,9619,3,3,0
8/16/2021,20-29,64350,57303,7047,13827,10,10,0
8/16/2021,30-39,56793,51246,5547,12837,44,42,2
8/16/2021,40-49,50550,46223,4327,11680,154,122,32
8/16/2021,50-59,53611,49446,4165,10322,471,399,72
8/16/2021,60-69,35487,33137,2350,8055,1096,946,150
8/16/2021,70-79,18234,17122,1112,6753,1862,1576,286
8/16/2021,80 and older,16872,15363,1509,10217,4666,3738,928
9/29/2021,0-9,26358,24383,1975,7002,1,1,0
9/29/2021,19-Oct,47333,42496,4837,10446,4,4,0
9/29/2021,20-29,68932,60979,7953,14812,13,12,1
9/29/2021,30-39,61214,54903,6311,13836,48,45,3
9/29/2021,40-49,53988,49083,4905,12475,165,131,34
9/29/2021,50-59,56702,52034,4668,10917,511,425,86
9/29/2021,60-69,37719,35055,2664,8561,1146,988,158
9/29/2021,70-79,19441,18150,1291,7200,1932,1627,305
9/29/2021,80 and older,17579,15921,1658,10645,4809,3819,990
9/30/2021,0-9,26379,24401,1978,7007,1,1,0
9/30/2021,19-Oct,47357,42517,4840,10451,4,4,0
9/30/2021,20-29,68950,60993,7957,14816,13,12,1
9/30/2021,30-39,61244,54929,6315,13843,48,45,3
9/30/2021,40-49,54010,49101,4909,12480,165,131,34
9/30/2021,50-59,56722,52052,4670,10921,511,425,86
9/30/2021,60-69,37734,35069,2665,8565,1146,988,158
9/30/2021,70-79,19450,18158,1292,7203,1932,1627,305
9/30/2021,80 and older,17585,15926,1659,10648,4809,3819,990
10/1/2021,0-9,26486,24498,1988,7036,1,1,0
10/1/2021,19-Oct,47481,42637,4844,10478,4,4,0
10/1/2021,20-29,69039,61069,7970,14835,13,12,1
10/1/2021,30-39,61355,55036,6319,13868,49,45,4
10/1/2021,40-49,54112,49201,4911,12503,168,134,34
10/1/2021,50-59,56797,52117,4680,10936,513,427,86
10/1/2021,60-69,37785,35113,2672,8576,1148,990,158
10/1/2021,70-79,19487,18194,1293,7217,1936,1631,305
10/1/2021,80 and older,17613,15949,1664,10665,4818,3828,990
10/4/2021,0-9,26654,24663,1991,7080,1,1,0
10/4/2021,19-Oct,47659,42805,4854,10518,4,4,0
10/4/2021,20-29,69178,61197,7981,14865,13,12,1
10/4/2021,30-39,61522,55193,6329,13906,49,45,4
10/4/2021,40-49,54242,49329,4913,12533,168,134,34
10/4/2021,50-59,56952,52263,4689,10965,513,427,86
10/4/2021,60-69,37871,35198,2673,8596,1148,990,158
10/4/2021,70-79,19536,18241,1295,7235,1936,1631,305
10/4/2021,80 and older,17637,15974,1663,10680,4818,3828,990
10/5/2021,0-9,26714,24718,1996,7096,1,1,0
10/5/2021,19-Oct,47717,42854,4863,10530,4,4,0
10/5/2021,20-29,69233,61241,7992,14876,13,12,1
10/5/2021,30-39,61594,55255,6339,13922,50,46,4
10/5/2021,40-49,54304,49383,4921,12548,168,134,34
10/5/2021,50-59,56991,52298,4693,10973,514,428,86
10/5/2021,60-69,37901,35223,2678,8603,1151,992,159
10/5/2021,70-79,19555,18260,1295,7242,1943,1638,305
10/5/2021,80 and older,17653,15988,1665,10690,4822,3830,992
10/6/2021,0-9,26769,24774,1995,7111,1,1,0
10/6/2021,19-Oct,47766,42901,4865,10541,4,4,0
10/6/2021,20-29,69286,61292,7994,14888,13,12,1
10/6/2021,30-39,61658,55313,6345,13936,50,46,4
10/6/2021,40-49,54350,49427,4923,12558,168,134,34
10/6/2021,50-59,57040,52340,4700,10982,514,428,86
10/6/2021,60-69,37927,35249,2678,8609,1151,992,159
10/6/2021,70-79,19581,18283,1298,7252,1944,1639,305
10/6/2021,80 and older,17664,15998,1666,10696,4822,3830,992
10/7/2021,0-9,26849,24851,1998,7132,1,1,0
10/7/2021,19-Oct,47865,42993,4872,10563,4,4,0
10/7/2021,20-29,69363,61364,7999,14904,13,12,1
10/7/2021,30-39,61744,55396,6348,13956,50,46,4
8/17/2021,0-9,23104,21509,1595,6137,1,1,0
8/17/2021,19-Oct,43697,39466,4231,9643,3,3,0
8/17/2021,20-29,64528,57415,7113,13865,10,10,0
8/17/2021,30-39,56944,51349,5595,12871,44,42,2
8/17/2021,40-49,50686,46315,4371,11712,151,122,29
8/17/2021,50-59,53719,49522,4197,10343,472,398,74
8/17/2021,60-69,35537,33178,2359,8066,1095,946,149
8/17/2021,70-79,18271,17156,1115,6767,1861,1577,284
8/17/2021,80 and older,16894,15379,1515,10230,4667,3738,929
8/18/2021,0-9,23174,21578,1596,6156,1,1,0
8/18/2021,19-Oct,43759,39522,4237,9657,3,3,0
8/18/2021,20-29,64660,57528,7132,13894,10,10,0
8/18/2021,30-39,57040,51430,5610,12893,44,42,2
8/18/2021,40-49,50769,46390,4379,11731,152,123,29
8/18/2021,50-59,53788,49578,4210,10356,473,399,74
8/18/2021,60-69,35581,33214,2367,8076,1095,946,149
8/18/2021,70-79,18292,17172,1120,6774,1861,1577,284
8/18/2021,80 and older,16910,15390,1520,10240,4668,3739,929
8/19/2021,0-9,23244,21644,1600,6175,1,1,0
8/19/2021,19-Oct,43819,39575,4244,9670,3,3,0
8/19/2021,20-29,64750,57610,7140,13913,10,10,0
8/19/2021,30-39,57115,51498,5617,12909,45,43,2
8/19/2021,40-49,50847,46456,4391,11749,155,124,31
8/19/2021,50-59,53859,49640,4219,10370,473,399,74
8/19/2021,60-69,35631,33257,2374,8087,1102,952,150
8/19/2021,70-79,18320,17194,1126,6785,1865,1581,284
8/19/2021,80 and older,16922,15402,1520,10247,4676,3745,931
8/20/2021,0-9,23285,21675,1610,6185,1,1,0
8/20/2021,19-Oct,43871,39608,4263,9682,4,4,0
8/20/2021,20-29,64841,57667,7174,13933,11,11,0
8/20/2021,30-39,57189,51549,5640,12926,45,43,2
8/20/2021,40-49,50900,46497,4403,11761,156,125,31
8/20/2021,50-59,53911,49674,4237,10380,474,399,75
8/20/2021,60-69,35671,33287,2384,8097,1103,954,149
8/20/2021,70-79,18337,17203,1134,6791,1866,1582,284
8/20/2021,80 and older,16932,15408,1524,10253,4677,3746,931
8/23/2021,0-9,23449,21828,1621,6229,1,1,0
8/23/2021,19-Oct,44065,39786,4279,9724,4,4,0
8/23/2021,20-29,65106,57901,7205,13990,11,11,0
8/23/2021,30-39,57460,51780,5680,12987,45,43,2
8/23/2021,40-49,51110,46686,4424,11810,156,125,31
8/23/2021,50-59,54126,49868,4258,10421,474,399,75
8/23/2021,60-69,35812,33419,2393,8129,1102,953,149
8/23/2021,70-79,18397,17256,1141,6813,1866,1582,284
8/23/2021,80 and older,16968,15439,1529,10275,4676,3745,931
8/24/2021,0-9,23565,21938,1627,6260,1,1,0
8/24/2021,19-Oct,44200,39914,4286,9754,4,4,0
8/24/2021,20-29,65309,58080,7229,14033,11,11,0
8/24/2021,30-39,57628,51939,5689,13025,45,43,2
8/24/2021,40-49,51245,46815,4430,11841,156,125,31
8/24/2021,50-59,54239,49975,4264,10443,474,399,75
8/24/2021,60-69,35907,33508,2399,8150,1102,953,149
8/24/2021,70-79,18464,17320,1144,6838,1866,1582,284
8/24/2021,80 and older,17002,15469,1533,10295,4676,3745,931
8/25/2021,0-9,23630,21985,1645,6277,1,1,0
8/25/2021,19-Oct,44275,39959,4316,9771,4,4,0
8/25/2021,20-29,65425,58154,7271,14058,11,11,0
8/25/2021,30-39,57751,52017,5734,13053,45,43,2
8/25/2021,40-49,51333,46867,4466,11861,156,125,31
8/25/2021,50-59,54328,50033,4295,10460,474,399,75
8/25/2021,60-69,35947,33530,2417,8159,1102,953,149
8/25/2021,70-79,18497,17341,1156,6850,1866,1582,284
8/25/2021,80 and older,17026,15483,1543,10310,4676,3745,931
8/26/2021,0-9,23729,22079,1650,6303,1,1,0
8/26/2021,19-Oct,44374,40048,4326,9793,4,4,0
8/26/2021,20-29,65551,58269,7282,14085,11,11,0
8/26/2021,30-39,57890,52153,5737,13085,45,43,2
8/26/2021,40-49,51446,46971,4475,11887,156,125,31
8/26/2021,50-59,54427,50124,4303,10479,478,403,75
8/26/2021,60-69,36011,33589,2422,8174,1104,955,149
8/26/2021,70-79,18526,17369,1157,6861,1871,1585,286
8/26/2021,80 and older,17045,15504,1541,10321,4685,3753,932
10/7/2021,40-49,54425,49498,4927,12576,168,134,34
10/7/2021,50-59,57096,52391,4705,10993,515,429,86
10/7/2021,60-69,37968,35290,2678,8618,1150,991,159
10/7/2021,70-79,19604,18302,1302,7260,1944,1639,305
10/7/2021,80 and older,17675,16009,1666,10703,4822,3830,992
12/23/2021,80 and older,19396,17530,1866,11745,4988,3974,1014
3/7/2022,19-Oct,94546,84451,10095,20865,4,4,0
3/7/2022,20-29,124330,109170,15160,26715,25,22,3
3/7/2022,30-39,118457,105573,12884,26774,100,83,17
3/7/2022,40-49,100708,90427,10281,23270,234,191,43
3/7/2022,50-59,99593,89799,9794,19175,694,588,106
3/7/2022,60-69,65093,59268,5825,14775,1532,1315,217
3/7/2022,70-79,32001,29329,2672,11851,2367,1987,380
3/7/2022,80 and older,25580,22827,2753,15490,5584,4450,1134
5/12/2022,0-9,70691,65073,5618,18778,2,2,0
5/12/2022,19-Oct,99700,88976,10724,22002,4,4,0
5/12/2022,20-29,131124,115082,16042,28175,27,24,3
5/12/2022,30-39,125767,112270,13497,28427,109,90,19
5/12/2022,40-49,107256,96380,10876,24783,241,197,44
5/12/2022,50-59,106620,96125,10495,20528,728,617,111
5/12/2022,60-69,71409,64945,6464,16208,1587,1359,228
5/12/2022,70-79,35645,32546,3099,13201,2444,2047,397
5/12/2022,80 and older,27633,24538,3095,16733,5741,4566,1175
5/13/2022,0-9,70934,65302,5632,18843,2,2,0
5/13/2022,19-Oct,99926,89179,10747,22052,4,4,0
5/13/2022,20-29,131403,115331,16072,28235,27,24,3
5/13/2022,30-39,126148,112638,13510,28513,109,90,19
5/13/2022,40-49,107603,96710,10893,24863,243,199,44
5/13/2022,50-59,106961,96443,10518,20594,730,619,111
5/13/2022,60-69,71711,65225,6486,16277,1593,1363,230
5/13/2022,70-79,35820,32698,3122,13266,2454,2055,399
5/13/2022,80 and older,27734,24621,3113,16794,5752,4574,1178
5/16/2022,0-9,71901,66268,5633,19100,2,2,0
5/16/2022,19-Oct,101129,90366,10763,22318,4,4,0
5/16/2022,20-29,133082,117032,16050,28596,27,24,3
5/16/2022,30-39,127959,114472,13487,28922,109,90,19
5/16/2022,40-49,108982,98103,10879,25182,243,200,43
5/16/2022,50-59,108461,97944,10517,20883,730,619,111
5/16/2022,60-69,72905,66383,6522,16548,1593,1364,229
5/16/2022,70-79,36324,33184,3140,13452,2455,2057,398
5/16/2022,80 and older,27970,24832,3138,16937,5751,4573,1178
5/17/2022,0-9,72054,66408,5646,19140,2,2,0
5/17/2022,19-Oct,101287,90491,10796,22353,4,4,0
5/17/2022,20-29,133294,117193,16101,28641,28,25,3
5/17/2022,30-39,128217,114672,13545,28980,109,90,19
5/17/2022,40-49,109222,98288,10934,25237,243,200,43
5/17/2022,50-59,108730,98152,10578,20935,730,619,111
5/17/2022,60-69,73147,66565,6582,16603,1594,1365,229
5/17/2022,70-79,36454,33286,3168,13500,2455,2057,398
5/17/2022,80 and older,28065,24903,3162,16995,5757,4577,1180
5/18/2022,0-9,72258,66585,5673,19195,2,2,0
5/18/2022,19-Oct,101475,90656,10819,22394,4,4,0
5/18/2022,20-29,133511,117378,16133,28688,28,25,3
5/18/2022,30-39,128475,114906,13569,29039,109,90,19
5/18/2022,40-49,109486,98516,10970,25298,243,200,43
5/18/2022,50-59,109038,98423,10615,20994,730,619,111
5/18/2022,60-69,73391,66770,6621,16658,1594,1365,229
5/18/2022,70-79,36605,33390,3215,13556,2455,2057,398
8/27/2021,0-9,23810,22153,1657,6325,1,1,0
8/27/2021,19-Oct,44481,40141,4340,9816,4,4,0
8/27/2021,20-29,65695,58365,7330,14116,11,11,0
8/27/2021,30-39,58035,52260,5775,13117,45,43,2
8/27/2021,40-49,51545,47052,4493,11910,156,125,31
8/27/2021,50-59,54526,50210,4316,10498,478,403,75
8/27/2021,60-69,36070,33636,2434,8187,1104,955,149
8/27/2021,70-79,18560,17402,1158,6874,1871,1585,286
8/27/2021,80 and older,17066,15523,1543,10334,4688,3755,933
10/8/2021,0-9,26925,24927,1998,7152,1,1,0
10/8/2021,19-Oct,47942,43070,4872,10580,4,4,0
10/8/2021,20-29,69447,61445,8002,14922,13,12,1
10/8/2021,30-39,61845,55494,6351,13979,50,46,4
10/8/2021,40-49,54481,49554,4927,12589,168,134,34
10/8/2021,50-59,57139,52438,4701,11001,515,429,86
10/8/2021,60-69,38010,35328,2682,8627,1150,991,159
10/8/2021,70-79,19622,18320,1302,7267,1944,1639,305
10/8/2021,80 and older,17687,16021,1666,10710,4822,3830,992
10/12/2021,0-9,27128,25124,2004,7206,1,1,0
10/12/2021,19-Oct,48141,43252,4889,10624,4,4,0
10/12/2021,20-29,69663,61648,8015,14969,13,12,1
10/12/2021,30-39,62069,55706,6363,14029,50,46,4
10/12/2021,40-49,54690,49751,4939,12637,168,134,34
10/12/2021,50-59,57309,52597,4712,11034,515,429,86
10/12/2021,60-69,38163,35471,2692,8662,1150,991,159
10/12/2021,70-79,19681,18377,1304,7289,1944,1639,305
10/12/2021,80 and older,17730,16061,1669,10736,4822,3830,992
10/13/2021,0-9,27153,25147,2006,7213,1,1,0
10/13/2021,19-Oct,48170,43278,4892,10630,4,4,0
10/13/2021,20-29,69705,61691,8014,14978,13,12,1
10/13/2021,30-39,62110,55747,6363,14038,53,49,4
10/13/2021,40-49,54726,49786,4940,12645,171,137,34
10/13/2021,50-59,57342,52629,4713,11041,520,433,87
10/13/2021,60-69,38180,35487,2693,8666,1159,998,161
10/13/2021,70-79,19692,18385,1307,7293,1950,1644,306
10/13/2021,80 and older,17737,16066,1671,10741,4834,3840,994
10/14/2021,0-9,27273,25249,2024,7245,1,1,0
10/14/2021,19-Oct,48292,43379,4913,10657,4,4,0
10/14/2021,20-29,69833,61797,8036,15005,13,12,1
10/14/2021,30-39,62258,55873,6385,14072,53,49,4
10/14/2021,40-49,54834,49879,4955,12670,171,137,34
10/14/2021,50-59,57480,52750,4730,11067,520,434,86
10/14/2021,60-69,38265,35563,2702,8685,1160,999,161
10/14/2021,70-79,19735,18421,1314,7309,1950,1645,305
10/14/2021,80 and older,17752,16081,1671,10750,4835,3841,994
10/15/2021,0-9,27353,25327,2026,7266,1,1,0
10/15/2021,19-Oct,48375,43455,4920,10676,4,4,0
10/15/2021,20-29,69913,61873,8040,15023,13,12,1
10/15/2021,30-39,62331,55943,6388,14088,54,49,5
10/15/2021,40-49,54890,49932,4958,12683,172,138,34
10/15/2021,50-59,57543,52809,4734,11079,520,435,85
10/15/2021,60-69,38296,35592,2704,8692,1162,1002,160
10/15/2021,70-79,19747,18435,1312,7313,1950,1647,303
10/15/2021,80 and older,17768,16099,1669,10759,4842,3850,992
10/18/2021,0-9,27483,25453,2030,7301,1,1,0
10/18/2021,19-Oct,48544,43616,4928,10713,4,4,0
10/18/2021,20-29,70062,62018,8044,15055,13,12,1
10/18/2021,30-39,62510,56109,6401,14129,54,49,5
10/18/2021,40-49,55076,50113,4963,12726,172,138,34
10/18/2021,50-59,57677,52936,4741,11105,520,435,85
10/18/2021,60-69,38404,35694,2710,8717,1162,1002,160
10/18/2021,70-79,19797,18481,1316,7332,1950,1647,303
10/18/2021,80 and older,17810,16141,1669,10785,4842,3850,992
10/19/2021,0-9,27655,25620,2035,7346,1,1,0
10/19/2021,19-Oct,48651,43709,4942,10737,4,4,0
10/19/2021,20-29,70148,62086,8062,15073,13,12,1
10/19/2021,30-39,62582,56170,6412,14145,54,49,5
10/19/2021,40-49,55148,50171,4977,12743,172,139,33
10/19/2021,50-59,57768,53009,4759,11123,520,436,84
10/19/2021,60-69,38465,35745,2720,8731,1165,1006,159
10/19/2021,70-79,19834,18518,1316,7345,1953,1650,303
10/19/2021,80 and older,17823,16148,1675,10793,4839,3849,990
12/27/2021,0-9,37918,34910,3008,10073,1,1,0
12/27/2021,19-Oct,61267,54726,6541,13521,4,4,0
12/27/2021,20-29,85202,74632,10570,18308,21,18,3
12/27/2021,30-39,78267,69603,8664,17690,68,58,10
12/27/2021,40-49,67710,60987,6723,15645,189,152,37
12/27/2021,50-59,69283,62859,6424,13340,545,458,87
12/27/2021,60-69,46068,42323,3745,10456,1242,1064,178
12/27/2021,70-79,22939,21196,1743,8495,2037,1714,323
12/27/2021,80 and older,19568,17695,1873,11849,4996,3980,1016
12/28/2021,0-9,38414,35349,3065,10204,1,1,0
12/28/2021,19-Oct,62085,55407,6678,13701,4,4,0
12/28/2021,20-29,86347,75580,10767,18554,22,19,3
12/28/2021,30-39,79274,70474,8800,17918,69,59,10
12/28/2021,40-49,68512,61654,6858,15831,193,156,37
12/28/2021,50-59,69959,63418,6541,13470,550,463,87
12/28/2021,60-69,46455,42660,3795,10544,1252,1072,180
12/28/2021,70-79,23112,21349,1763,8559,2053,1726,327
12/28/2021,80 and older,19655,17768,1887,11902,5012,3993,1019
12/29/2021,0-9,39162,36071,3091,10403,1,1,0
12/29/2021,19-Oct,63208,56462,6746,13949,4,4,0
12/29/2021,20-29,87789,76898,10891,18864,22,19,3
12/29/2021,30-39,80626,71732,8894,18224,69,59,10
12/29/2021,40-49,69572,62605,6967,16076,194,157,37
12/29/2021,50-59,70946,64314,6632,13660,550,463,87
12/29/2021,60-69,46937,43089,3848,10654,1252,1072,180
12/29/2021,70-79,23343,21557,1786,8645,2056,1729,327
12/29/2021,80 and older,19743,17846,1897,11955,5013,3993,1020
12/30/2021,0-9,39867,36711,3156,10590,1,1,0
12/30/2021,19-Oct,64371,57477,6894,14206,4,4,0
12/30/2021,20-29,89283,78174,11109,19185,22,19,3
12/30/2021,30-39,82065,72972,9093,18549,69,59,10
12/30/2021,40-49,70765,63619,7146,16351,194,157,37
12/30/2021,50-59,71943,65187,6756,13852,550,463,87
12/30/2021,60-69,47423,43505,3918,10764,1252,1072,180
12/30/2021,70-79,23540,21733,1807,8718,2055,1728,327
12/30/2021,80 and older,19852,17939,1913,12021,5013,3993,1020
1/3/2022,0-9,42483,39167,3316,11285,1,1,0
1/3/2022,19-Oct,67808,60609,7199,14964,4,4,0
1/3/2022,20-29,93553,82054,11499,20102,23,20,3
1/3/2022,30-39,86374,76923,9451,19523,71,61,10
1/3/2022,40-49,74138,66728,7410,17131,196,159,37
1/3/2022,50-59,74954,67969,6985,14431,556,466,90
1/3/2022,60-69,49023,44979,4044,11127,1266,1083,183
1/3/2022,70-79,24189,22328,1861,8958,2059,1732,327
1/3/2022,80 and older,20262,18311,1951,12270,5034,4012,1022
1/4/2022,0-9,43351,39875,3476,11516,1,1,0
1/4/2022,19-Oct,69259,61705,7554,15284,4,4,0
1/4/2022,20-29,95679,83553,12126,20559,23,20,3
1/4/2022,30-39,88454,78394,10060,19993,72,61,11
1/4/2022,40-49,75664,67826,7838,17483,201,163,38
1/4/2022,50-59,76286,68926,7360,14688,564,471,93
1/4/2022,60-69,49756,45523,4233,11294,1287,1099,188
1/4/2022,70-79,24494,22568,1926,9071,2072,1744,328
1/4/2022,80 and older,20436,18452,1984,12375,5050,4025,1025
1/5/2022,0-9,44445,40928,3517,11806,1,1,0
1/5/2022,19-Oct,70777,63152,7625,15619,4,4,0
1/5/2022,20-29,97418,85191,12227,20933,23,20,3
1/5/2022,30-39,90331,80146,10185,20417,72,61,11
10/20/2021,0-9,27709,25670,2039,7361,1,1,0
10/20/2021,19-Oct,48710,43764,4946,10750,4,4,0
10/20/2021,20-29,70196,62135,8061,15083,13,12,1
10/20/2021,30-39,62661,56241,6420,14163,54,49,5
10/20/2021,40-49,55195,50216,4979,12754,172,139,33
10/20/2021,50-59,57811,53053,4758,11131,520,436,84
10/20/2021,60-69,38494,35773,2721,8737,1165,1006,159
10/20/2021,70-79,19849,18531,1318,7351,1953,1650,303
10/20/2021,80 and older,17833,16157,1676,10799,4839,3849,990
10/21/2021,0-9,27756,25712,2044,7373,1,1,0
10/21/2021,19-Oct,48768,43820,4948,10762,4,4,0
10/21/2021,20-29,70257,62193,8064,15096,13,12,1
10/21/2021,30-39,62747,56327,6420,14182,54,49,5
10/21/2021,40-49,55237,50257,4980,12763,172,139,33
10/21/2021,50-59,57852,53096,4756,11139,520,436,84
10/21/2021,60-69,38537,35816,2721,8747,1165,1006,159
10/21/2021,70-79,19868,18549,1319,7358,1953,1650,303
10/21/2021,80 and older,17846,16171,1675,10807,4839,3849,990
10/22/2021,0-9,27816,25768,2048,7389,1,1,0
10/22/2021,19-Oct,48833,43879,4954,10777,4,4,0
10/22/2021,20-29,70316,62244,8072,15109,13,12,1
10/22/2021,30-39,62821,56396,6425,14199,54,49,5
10/22/2021,40-49,55304,50316,4988,12779,172,139,33
10/22/2021,50-59,57904,53144,4760,11149,523,438,85
10/22/2021,60-69,38572,35849,2723,8755,1169,1010,159
10/22/2021,70-79,19893,18569,1324,7367,1959,1654,305
10/22/2021,80 and older,17862,16186,1676,10816,4844,3854,990
10/25/2021,0-9,27942,25893,2049,7423,1,1,0
10/25/2021,19-Oct,48966,44001,4965,10806,4,4,0
10/25/2021,20-29,70436,62358,8078,15135,13,12,1
10/25/2021,30-39,62974,56549,6425,14234,54,49,5
10/25/2021,40-49,55428,50438,4990,12807,172,139,33
10/25/2021,50-59,58005,53244,4761,11168,523,438,85
10/25/2021,60-69,38643,35918,2725,8771,1169,1010,159
10/25/2021,70-79,19942,18617,1325,7385,1959,1654,305
10/25/2021,80 and older,17882,16206,1676,10828,4844,3854,990
10/26/2021,0-9,27979,25930,2049,7432,1,1,0
10/26/2021,19-Oct,49000,44033,4967,10814,4,4,0
10/26/2021,20-29,70462,62384,8078,15140,13,12,1
10/26/2021,30-39,63017,56593,6424,14243,54,49,5
10/26/2021,40-49,55471,50479,4992,12817,173,140,33
10/26/2021,50-59,58040,53275,4765,11175,524,439,85
10/26/2021,60-69,38659,35931,2728,8775,1172,1012,160
10/26/2021,70-79,19956,18631,1325,7391,1961,1656,305
10/26/2021,80 and older,17888,16210,1678,10832,4850,3859,991
10/27/2021,0-9,28024,25974,2050,7444,1,1,0
10/27/2021,19-Oct,49048,44079,4969,10824,4,4,0
10/27/2021,20-29,70519,62434,8085,15153,13,12,1
10/27/2021,30-39,63059,56631,6428,14253,54,49,5
10/27/2021,40-49,55532,50537,4995,12831,173,140,33
10/27/2021,50-59,58068,53302,4766,11180,524,439,85
10/27/2021,60-69,38690,35960,2730,8782,1172,1012,160
10/27/2021,70-79,19967,18639,1328,7395,1961,1656,305
10/27/2021,80 and older,17902,16223,1679,10840,4850,3859,991
10/28/2021,0-9,28077,26026,2051,7458,1,1,0
10/28/2021,19-Oct,49097,44122,4975,10835,4,4,0
10/28/2021,20-29,70585,62494,8091,15167,13,12,1
10/28/2021,30-39,63129,56696,6433,14269,54,49,5
10/28/2021,40-49,55596,50601,4995,12846,173,140,33
10/28/2021,50-59,58118,53350,4768,11190,524,439,85
10/28/2021,60-69,38742,36009,2733,8794,1172,1012,160
10/28/2021,70-79,19992,18662,1330,7404,1961,1656,305
10/28/2021,80 and older,17917,16234,1683,10850,4849,3858,991
10/29/2021,0-9,28138,26083,2055,7475,1,1,0
10/29/2021,19-Oct,49164,44182,4982,10850,4,4,0
10/29/2021,20-29,70632,62537,8095,15177,14,13,1
10/29/2021,30-39,63202,56762,6440,14285,54,49,5
10/29/2021,40-49,55667,50667,5000,12863,174,140,34
10/29/2021,50-59,58175,53405,4770,11201,525,440,85
10/29/2021,60-69,38760,36025,2735,8798,1172,1012,160
10/29/2021,70-79,20012,18679,1333,7411,1965,1660,305
10/29/2021,80 and older,17926,16241,1685,10855,4855,3863,992
1/5/2022,40-49,77188,69203,7985,17835,201,163,38
1/5/2022,50-59,77635,70157,7478,14948,567,474,93
1/5/2022,60-69,50500,46196,4304,11462,1286,1098,188
1/5/2022,70-79,24801,22836,1965,9185,2073,1745,328
1/5/2022,80 and older,20628,18609,2019,12491,5054,4028,1026
3/8/2022,0-9,66171,60846,5325,17578,2,2,0
3/8/2022,19-Oct,94736,84634,10102,20907,4,4,0
3/8/2022,20-29,124497,109337,15160,26751,27,24,3
3/8/2022,30-39,118637,105753,12884,26815,101,84,17
3/8/2022,40-49,100863,90581,10282,23306,236,193,43
3/8/2022,50-59,99749,89956,9793,19205,697,589,108
3/8/2022,60-69,65196,59369,5827,14798,1538,1320,218
3/8/2022,70-79,32048,29379,2669,11869,2379,1997,382
3/8/2022,80 and older,25618,22861,2757,15513,5607,4467,1140
3/9/2022,0-9,66195,60867,5328,17584,2,2,0
3/9/2022,19-Oct,94791,84680,10111,20919,4,4,0
3/9/2022,20-29,124585,109419,15166,26770,28,25,3
3/9/2022,30-39,118687,105795,12892,26826,101,84,17
3/9/2022,40-49,100891,90601,10290,23312,236,193,43
3/9/2022,50-59,99788,89990,9798,19213,698,590,108
3/9/2022,60-69,65226,59397,5829,14805,1544,1326,218
3/9/2022,70-79,32057,29388,2669,11872,2383,2001,382
3/9/2022,80 and older,25625,22868,2757,15517,5613,4473,1140
3/10/2022,0-9,66226,60897,5329,17592,2,2,0
3/10/2022,19-Oct,94831,84717,10114,20928,4,4,0
3/10/2022,20-29,124640,109469,15171,26782,28,25,3
3/10/2022,30-39,118729,105833,12896,26836,101,84,17
3/10/2022,40-49,100926,90634,10292,23320,236,193,43
3/10/2022,50-59,99823,90022,9801,19220,698,590,108
3/10/2022,60-69,65259,59427,5832,14812,1548,1329,219
3/10/2022,70-79,32066,29397,2669,11875,2383,2001,382
3/10/2022,80 and older,25636,22875,2761,15524,5615,4474,1141
3/11/2022,0-9,66295,60914,5381,17611,2,2,0
3/11/2022,19-Oct,94915,84756,10159,20946,4,4,0
3/11/2022,20-29,124697,109516,15181,26794,28,25,3
3/11/2022,30-39,118766,105865,12901,26844,102,85,17
3/11/2022,40-49,100958,90661,10297,23328,236,193,43
3/11/2022,50-59,99844,90041,9803,19224,702,594,108
3/11/2022,60-69,65277,59443,5834,14816,1551,1332,219
3/11/2022,70-79,32084,29415,2669,11882,2392,2008,384
3/11/2022,80 and older,25643,22880,2763,15528,5631,4487,1144
3/14/2022,0-9,66382,60990,5392,17634,2,2,0
3/14/2022,19-Oct,95078,84902,10176,20982,4,4,0
3/14/2022,20-29,124836,109618,15218,26824,28,25,3
3/14/2022,30-39,118883,105974,12909,26871,102,85,17
3/14/2022,40-49,101054,90747,10307,23350,236,193,43
3/14/2022,50-59,99919,90112,9807,19238,703,595,108
3/14/2022,60-69,65339,59501,5838,14831,1552,1333,219
3/14/2022,70-79,32125,29455,2670,11897,2392,2008,384
3/14/2022,80 and older,25672,22900,2772,15546,5636,4491,1145
3/15/2022,0-9,66411,61014,5397,17641,2,2,0
3/15/2022,19-Oct,95120,84931,10189,20992,4,4,0
3/15/2022,20-29,124889,109654,15235,26835,28,25,3
3/15/2022,30-39,118922,106003,12919,26879,107,87,20
3/15/2022,40-49,101095,90782,10313,23359,237,193,44
3/15/2022,50-59,99962,90147,9815,19246,706,597,109
3/15/2022,60-69,65371,59523,5848,14838,1553,1334,219
11/1/2021,0-9,28242,26186,2056,7502,1,1,0
11/1/2021,19-Oct,49267,44283,4984,10873,4,4,0
11/1/2021,20-29,70770,62672,8098,15207,14,13,1
11/1/2021,30-39,63327,56885,6442,14314,54,49,5
11/1/2021,40-49,55780,50773,5007,12889,174,140,34
11/1/2021,50-59,58285,53515,4770,11222,525,440,85
11/1/2021,60-69,38837,36097,2740,8815,1172,1012,160
11/1/2021,70-79,20044,18709,1335,7423,1966,1661,305
11/1/2021,80 and older,17959,16271,1688,10875,4856,3864,992
11/2/2021,0-9,28293,26237,2056,7516,1,1,0
11/2/2021,19-Oct,49320,44332,4988,10884,4,4,0
11/2/2021,20-29,70822,62725,8097,15218,14,13,1
11/2/2021,30-39,63393,56950,6443,14328,55,49,6
11/2/2021,40-49,55846,50834,5012,12904,175,141,34
11/2/2021,50-59,58336,53567,4769,11232,525,441,84
11/2/2021,60-69,38884,36140,2744,8826,1174,1014,160
11/2/2021,70-79,20066,18726,1340,7431,1970,1663,307
11/2/2021,80 and older,17966,16280,1686,10879,4858,3866,992
11/3/2021,0-9,28356,26295,2061,7533,1,1,0
11/3/2021,19-Oct,49375,44381,4994,10896,4,4,0
11/3/2021,20-29,70891,62782,8109,15233,14,13,1
11/3/2021,30-39,63455,57010,6445,14342,55,49,6
11/3/2021,40-49,55885,50870,5015,12913,175,141,34
11/3/2021,50-59,58386,53609,4777,11242,525,441,84
11/3/2021,60-69,38923,36177,2746,8835,1174,1014,160
11/3/2021,70-79,20076,18736,1340,7435,1970,1663,307
11/3/2021,80 and older,17970,16284,1686,10882,4858,3866,992
11/4/2021,0-9,28407,26343,2064,7546,1,1,0
11/4/2021,19-Oct,49458,44456,5002,10915,4,4,0
11/4/2021,20-29,70940,62818,8122,15243,14,13,1
11/4/2021,30-39,63513,57060,6453,14356,55,49,6
11/4/2021,40-49,55948,50925,5023,12928,175,141,34
11/4/2021,50-59,58435,53652,4783,11251,525,441,84
11/4/2021,60-69,38972,36218,2754,8846,1174,1014,160
11/4/2021,70-79,20097,18751,1346,7443,1970,1663,307
11/4/2021,80 and older,17978,16291,1687,10886,4858,3866,992
11/5/2021,0-9,28456,26392,2064,7559,1,1,0
11/5/2021,19-Oct,49506,44499,5007,10925,4,4,0
11/5/2021,20-29,70973,62852,8121,15250,15,14,1
11/5/2021,30-39,63572,57117,6455,14369,55,49,6
11/5/2021,40-49,55996,50971,5025,12939,176,142,34
11/5/2021,50-59,58475,53690,4785,11259,526,442,84
11/5/2021,60-69,38999,36244,2755,8852,1178,1017,161
11/5/2021,70-79,20109,18760,1349,7447,1973,1664,309
11/5/2021,80 and older,17983,16294,1689,10889,4862,3869,993
11/8/2021,0-9,28547,26479,2068,7583,1,1,0
11/8/2021,19-Oct,49659,44647,5012,10959,4,4,0
11/8/2021,20-29,71133,63000,8133,15285,15,14,1
11/8/2021,30-39,63719,57251,6468,14402,55,49,6
11/8/2021,40-49,56127,51087,5040,12969,176,142,34
11/8/2021,50-59,58594,53800,4794,11282,526,442,84
11/8/2021,60-69,39082,36314,2768,8871,1178,1017,161
11/8/2021,70-79,20148,18796,1352,7462,1973,1664,309
11/8/2021,80 and older,18003,16312,1691,10902,4862,3869,993
11/9/2021,0-9,28582,26509,2073,7593,1,1,0
11/9/2021,19-Oct,49696,44677,5019,10967,4,4,0
11/9/2021,20-29,71174,63036,8138,15293,15,14,1
11/9/2021,30-39,63761,57290,6471,14412,57,51,6
11/9/2021,40-49,56180,51138,5042,12981,176,142,34
11/9/2021,50-59,58636,53837,4799,11290,527,443,84
11/9/2021,60-69,39120,36349,2771,8879,1180,1019,161
11/9/2021,70-79,20154,18802,1352,7464,1976,1667,309
11/9/2021,80 and older,18016,16322,1694,10909,4870,3875,995
11/10/2021,0-9,28667,26583,2084,7615,1,1,0
11/10/2021,19-Oct,49796,44752,5044,10989,4,4,0
11/10/2021,20-29,71245,63096,8149,15309,15,14,1
11/10/2021,30-39,63823,57339,6484,14426,57,51,6
11/10/2021,40-49,56260,51215,5045,13000,176,142,34
11/10/2021,50-59,58689,53885,4804,11300,527,443,84
11/10/2021,60-69,39158,36383,2775,8888,1180,1019,161
11/10/2021,70-79,20182,18822,1360,7474,1977,1668,309
11/10/2021,80 and older,18034,16336,1698,10920,4872,3877,995
1/6/2022,0-9,45398,41763,3635,12060,1,1,0
1/6/2022,19-Oct,72181,64354,7827,15929,4,4,0
1/6/2022,20-29,98986,86542,12444,21270,23,20,3
1/6/2022,30-39,91859,81471,10388,20763,72,61,11
1/6/2022,40-49,78473,70317,8156,18132,201,163,38
1/6/2022,50-59,78728,71111,7617,15158,566,473,93
1/6/2022,60-69,51082,46700,4382,11594,1287,1099,188
1/6/2022,70-79,25049,23045,2004,9277,2073,1745,328
1/6/2022,80 and older,20784,18745,2039,12586,5054,4028,1026
1/7/2022,0-9,46484,42837,3647,12348,1,1,0
1/7/2022,19-Oct,73709,65881,7828,16266,4,4,0
1/7/2022,20-29,100773,88341,12432,21654,23,20,3
1/7/2022,30-39,93598,83219,10379,21156,77,64,13
1/7/2022,40-49,79944,71784,8160,18472,205,167,38
1/7/2022,50-59,80025,72399,7626,15408,581,484,97
1/7/2022,60-69,51795,47407,4388,11756,1306,1114,192
1/7/2022,70-79,25345,23326,2019,9386,2093,1760,333
1/7/2022,80 and older,20939,18879,2060,12679,5087,4055,1032
1/10/2022,0-9,50257,46477,3780,13350,1,1,0
1/10/2022,19-Oct,78231,70168,8063,17264,4,4,0
1/10/2022,20-29,105963,93209,12754,22769,23,20,3
1/10/2022,30-39,98860,88176,10684,22345,77,64,13
1/10/2022,40-49,84439,76012,8427,19511,205,167,38
1/10/2022,50-59,84134,76266,7868,16199,581,485,96
1/10/2022,60-69,54149,49603,4546,12291,1306,1114,192
1/10/2022,70-79,26402,24327,2075,9778,2093,1760,333
1/10/2022,80 and older,21555,19464,2091,13052,5087,4055,1032
1/11/2022,0-9,51074,47260,3814,13567,1,1,0
1/11/2022,19-Oct,79171,71055,8116,17472,4,4,0
1/11/2022,20-29,107049,94217,12832,23002,23,20,3
1/11/2022,30-39,99917,89156,10761,22584,79,65,14
1/11/2022,40-49,85321,76810,8511,19715,206,168,38
1/11/2022,50-59,85004,77062,7942,16366,586,490,96
1/11/2022,60-69,54732,50141,4591,12423,1318,1125,193
1/11/2022,70-79,26703,24614,2089,9889,2108,1769,339
1/11/2022,80 and older,21772,19671,2101,13184,5110,4075,1035
1/12/2022,0-9,51927,48049,3878,13794,1,1,0
1/12/2022,19-Oct,80145,71952,8193,17687,4,4,0
1/12/2022,20-29,108187,95234,12953,23247,23,20,3
1/12/2022,30-39,101111,90245,10866,22854,79,65,14
1/12/2022,40-49,86375,77762,8613,19958,206,168,38
1/12/2022,50-59,86013,77956,8057,16561,587,491,96
1/12/2022,60-69,55291,50633,4658,12550,1320,1126,194
1/12/2022,70-79,27000,24871,2129,9999,2111,1772,339
1/12/2022,80 and older,21950,19818,2132,13292,5111,4076,1035
1/13/2022,0-9,52973,48949,4024,14072,1,1,0
1/13/2022,19-Oct,81572,73082,8490,18002,4,4,0
1/13/2022,20-29,109752,96439,13313,23583,23,20,3
1/13/2022,30-39,102713,91525,11188,23216,79,65,14
1/13/2022,40-49,87708,78849,8859,20266,206,168,38
1/13/2022,50-59,87355,79027,8328,16819,587,491,96
1/13/2022,60-69,56053,51262,4791,12723,1320,1126,194
1/13/2022,70-79,27317,25141,2176,10117,2111,1772,339
1/13/2022,80 and older,22189,20006,2183,13436,5111,4076,1035
1/14/2022,0-9,53958,49845,4113,14333,1,1,0
1/14/2022,19-Oct,82791,74115,8676,18271,4,4,0
11/11/2021,0-9,28734,26644,2090,7633,1,1,0
11/11/2021,19-Oct,49876,44825,5051,11007,4,4,0
11/11/2021,20-29,71321,63161,8160,15325,15,14,1
11/11/2021,30-39,63908,57411,6497,14445,57,51,6
11/11/2021,40-49,56331,51272,5059,13016,176,142,34
11/11/2021,50-59,58767,53955,4812,11315,527,443,84
11/11/2021,60-69,39212,36435,2777,8900,1180,1019,161
11/11/2021,70-79,20203,18841,1362,7482,1977,1668,309
11/11/2021,80 and older,18041,16341,1700,10925,4872,3877,995
11/12/2021,0-9,28801,26706,2095,7651,1,1,0
11/12/2021,19-Oct,49955,44902,5053,11024,4,4,0
11/12/2021,20-29,71384,63216,8168,15339,15,14,1
11/12/2021,30-39,63983,57487,6496,14462,57,51,6
11/12/2021,40-49,56391,51328,5063,13030,176,142,34
11/12/2021,50-59,58829,54012,4817,11327,527,443,84
11/12/2021,60-69,39252,36470,2782,8909,1180,1019,161
11/12/2021,70-79,20209,18847,1362,7484,1977,1668,309
11/12/2021,80 and older,18047,16347,1700,10928,4872,3877,995
11/15/2021,0-9,29109,27016,2093,7733,1,1,0
11/15/2021,19-Oct,50258,45189,5069,11091,4,4,0
11/15/2021,20-29,71653,63462,8191,15396,15,14,1
11/15/2021,30-39,64348,57837,6511,14544,58,52,6
11/15/2021,40-49,56696,51623,5073,13100,176,142,34
11/15/2021,50-59,59130,54302,4828,11385,530,446,84
11/15/2021,60-69,39428,36641,2787,8949,1184,1022,162
11/15/2021,70-79,20300,18938,1362,7518,1982,1673,309
11/15/2021,80 and older,18110,16410,1700,10966,4876,3880,996
11/16/2021,0-9,29178,27079,2099,7751,1,1,0
11/16/2021,19-Oct,50335,45261,5074,11108,4,4,0
11/16/2021,20-29,71717,63514,8203,15410,15,14,1
11/16/2021,30-39,64435,57913,6522,14564,58,52,6
11/16/2021,40-49,56796,51715,5081,13124,176,142,34
11/16/2021,50-59,59206,54374,4832,11399,530,446,84
11/16/2021,60-69,39470,36674,2796,8959,1183,1021,162
11/16/2021,70-79,20315,18952,1363,7524,1982,1673,309
11/16/2021,80 and older,18124,16423,1701,10975,4877,3881,996
11/17/2021,0-9,29308,27207,2101,7785,1,1,0
11/17/2021,19-Oct,50464,45386,5078,11137,4,4,0
11/17/2021,20-29,71832,63627,8205,15435,15,14,1
11/17/2021,30-39,64555,58029,6526,14591,58,52,6
11/17/2021,40-49,56915,51832,5083,13151,178,143,35
11/17/2021,50-59,59326,54486,4840,11423,531,447,84
11/17/2021,60-69,39530,36732,2798,8972,1183,1021,162
11/17/2021,70-79,20345,18979,1366,7535,1984,1673,311
11/17/2021,80 and older,18138,16435,1703,10983,4880,3883,997
11/18/2021,0-9,29419,27311,2108,7815,1,1,0
11/18/2021,19-Oct,50586,45499,5087,11164,4,4,0
11/18/2021,20-29,71922,63722,8200,15454,16,15,1
11/18/2021,30-39,64675,58146,6529,14618,58,52,6
11/18/2021,40-49,57009,51921,5088,13173,178,143,35
11/18/2021,50-59,59419,54578,4841,11440,531,447,84
11/18/2021,60-69,39600,36801,2799,8988,1182,1020,162
11/18/2021,70-79,20372,19003,1369,7545,1984,1673,311
11/18/2021,80 and older,18159,16455,1704,10996,4880,3883,997
11/19/2021,0-9,29541,27430,2111,7847,1,1,0
11/19/2021,19-Oct,50724,45624,5100,11194,4,4,0
11/19/2021,20-29,72027,63816,8211,15477,16,15,1
11/19/2021,30-39,64809,58272,6537,14649,59,52,7
11/19/2021,40-49,57129,52031,5098,13200,178,143,35
11/19/2021,50-59,59525,54678,4847,11461,533,449,84
11/19/2021,60-69,39676,36868,2808,9006,1188,1024,164
11/19/2021,70-79,20408,19036,1372,7558,1987,1675,312
11/19/2021,80 and older,18182,16475,1707,11010,4884,3886,998
11/22/2021,0-9,29834,27715,2119,7925,1,1,0
11/22/2021,19-Oct,51052,45954,5098,11266,4,4,0
11/22/2021,20-29,72301,64077,8224,15536,16,15,1
11/22/2021,30-39,65136,58587,6549,14722,59,52,7
11/22/2021,40-49,57435,52328,5107,13271,178,143,35
11/22/2021,50-59,59789,54937,4852,11512,534,450,84
11/22/2021,60-69,39845,37033,2812,9044,1188,1024,164
11/22/2021,70-79,20472,19096,1376,7582,1988,1676,312
11/22/2021,80 and older,18214,16503,1711,11029,4885,3887,998
1/14/2022,20-29,111084,97574,13510,23869,23,20,3
1/14/2022,30-39,104159,92748,11411,23543,82,66,16
1/14/2022,40-49,88985,79938,9047,20561,208,169,39
1/14/2022,50-59,88519,80027,8492,17043,595,498,97
1/14/2022,60-69,56824,51918,4906,12898,1349,1145,204
1/14/2022,70-79,27678,25452,2226,10250,2140,1789,351
1/14/2022,80 and older,22415,20179,2236,13573,5154,4108,1046
3/15/2022,70-79,32137,29465,2672,11902,2393,2008,385
3/15/2022,80 and older,25685,22909,2776,15553,5645,4498,1147
5/18/2022,80 and older,28156,24966,3190,17050,5757,4577,1180
6/6/2022,0-9,73904,68079,5825,19441,4,3,1
6/6/2022,19-Oct,103374,92295,11079,22834,4,4,0
6/6/2022,20-29,136191,119639,16552,28783,28,25,3
6/6/2022,30-39,131568,117575,13993,29200,109,90,19
6/6/2022,40-49,112104,100763,11341,26008,244,201,43
6/6/2022,50-59,112034,100963,11071,21736,731,620,111
6/6/2022,60-69,76084,69008,7076,16781,1600,1370,230
6/6/2022,70-79,38146,34667,3479,13522,2472,2070,402
6/6/2022,80 and older,29047,25677,3370,38241,5779,4592,1187
6/7/2022,0-9,73962,68125,5837,19456,6,5,1
6/7/2022,19-Oct,103416,92324,11092,22843,4,4,0
6/7/2022,20-29,136259,119689,16570,28797,28,25,3
6/7/2022,30-39,131655,117633,14022,29219,110,91,19
6/7/2022,40-49,112180,100814,11366,26025,244,201,43
6/7/2022,50-59,112144,101033,11111,21758,733,621,112
6/7/2022,60-69,76193,69083,7110,16805,1605,1372,233
6/7/2022,70-79,38203,34712,3491,13542,2480,2078,402
6/7/2022,80 and older,29093,25709,3384,38302,5788,4600,1188
6/8/2022,0-9,74010,68160,5850,19469,6,5,1
6/8/2022,19-Oct,103463,92365,11098,22853,4,4,0
6/8/2022,20-29,136358,119766,16592,28818,28,25,3
6/8/2022,30-39,131767,117716,14051,29244,110,91,19
6/8/2022,40-49,112266,100886,11380,26045,244,201,43
6/8/2022,50-59,112244,101114,11130,21777,733,621,112
6/8/2022,60-69,76277,69155,7122,16824,1605,1372,233
6/8/2022,70-79,38255,34754,3501,13560,2481,2079,402
6/8/2022,80 and older,29121,25727,3394,38339,5789,4601,1188
6/9/2022,0-9,74045,68194,5851,19669,5,5,0
6/9/2022,19-Oct,103526,92417,11109,22847,4,4,0
6/9/2022,20-29,136456,119841,16615,29321,28,25,3
6/9/2022,30-39,131871,117798,14073,29806,111,92,19
6/9/2022,40-49,112352,100960,11392,25961,244,201,43
6/9/2022,50-59,112355,101205,11150,21633,732,620,112
6/9/2022,60-69,76365,69218,7147,17333,1605,1372,233
6/9/2022,70-79,38315,34795,3520,14190,2481,2079,402
6/9/2022,80 and older,29151,25751,3400,17652,5789,4601,1188
6/10/2022,0-9,74089,68233,5856,19490,6,5,1
6/10/2022,19-Oct,103573,92459,11114,22878,4,4,0
6/10/2022,20-29,136539,119903,16636,28856,28,25,3
6/10/2022,30-39,131984,117892,14092,29292,111,92,19
6/10/2022,40-49,112435,101031,11404,26084,244,201,43
6/10/2022,50-59,112479,101310,11169,21823,732,620,112
6/10/2022,60-69,76457,69289,7168,16863,1605,1372,233
6/10/2022,70-79,38387,34855,3532,13607,2481,2079,402
6/10/2022,80 and older,29189,25784,3405,38428,5789,4601,1188
6/13/2022,0-9,74203,68339,5864,19520,6,5,1
11/23/2021,0-9,29939,27806,2133,7953,1,1,0
11/23/2021,19-Oct,51156,46052,5104,11289,4,4,0
11/23/2021,20-29,72396,64158,8238,15556,16,15,1
11/23/2021,30-39,65257,58686,6571,14750,59,52,7
11/23/2021,40-49,57565,52445,5120,13301,178,143,35
11/23/2021,50-59,59882,55020,4862,11530,534,450,84
11/23/2021,60-69,39912,37093,2819,9059,1188,1024,164
11/23/2021,70-79,20501,19119,1382,7592,1988,1676,312
11/23/2021,80 and older,18224,16511,1713,11035,4885,3887,998
11/24/2021,0-9,30069,27932,2137,7988,1,1,0
11/24/2021,19-Oct,51280,46173,5107,11317,4,4,0
11/24/2021,20-29,72507,64265,8242,15580,16,15,1
11/24/2021,30-39,65389,58813,6576,14780,59,52,7
11/24/2021,40-49,57690,52561,5129,13330,178,143,35
11/24/2021,50-59,59987,55119,4868,11550,535,451,84
11/24/2021,60-69,39997,37172,2825,9078,1191,1026,165
11/24/2021,70-79,20523,19138,1385,7601,1993,1681,312
11/24/2021,80 and older,18235,16519,1716,11042,4888,3890,998
11/26/2021,0-9,30363,28201,2162,8066,1,1,0
11/26/2021,19-Oct,51571,46433,5138,11381,4,4,0
11/26/2021,20-29,72786,64523,8263,15640,16,15,1
11/26/2021,30-39,65704,59099,6605,14851,59,52,7
11/26/2021,40-49,57939,52791,5148,13388,178,143,35
11/26/2021,50-59,60212,55322,4890,11593,535,451,84
11/26/2021,60-69,40153,37312,2841,9114,1191,1026,165
11/26/2021,70-79,20584,19198,1386,7623,1993,1681,312
11/26/2021,80 and older,18266,16545,1721,11061,4888,3890,998
11/29/2021,0-9,30671,28507,2164,8147,1,1,0
11/29/2021,19-Oct,51887,46734,5153,11451,4,4,0
11/29/2021,20-29,73107,64829,8278,15709,16,15,1
11/29/2021,30-39,66071,59454,6617,14934,59,52,7
11/29/2021,40-49,58272,53118,5154,13465,178,143,35
11/29/2021,50-59,60512,55616,4896,11651,535,451,84
11/29/2021,60-69,40358,37515,2843,9160,1191,1026,165
11/29/2021,70-79,20690,19296,1394,7662,1993,1681,312
11/29/2021,80 and older,18319,16600,1719,11093,4887,3890,997
11/30/2021,0-9,30800,28629,2171,8182,1,1,0
11/30/2021,19-Oct,52015,46856,5159,11479,4,4,0
11/30/2021,20-29,73244,64963,8281,15738,17,16,1
11/30/2021,30-39,66217,59595,6622,14967,63,54,9
11/30/2021,40-49,58389,53229,5160,13492,179,144,35
11/30/2021,50-59,60635,55737,4898,11675,540,454,86
11/30/2021,60-69,40437,37590,2847,9178,1196,1030,166
11/30/2021,70-79,20721,19325,1396,7674,2000,1687,313
11/30/2021,80 and older,18338,16613,1725,11104,4905,3906,999
12/1/2021,0-9,30923,28746,2177,8214,1,1,0
12/1/2021,19-Oct,52168,47004,5164,11513,4,4,0
12/1/2021,20-29,73434,65128,8306,15779,17,16,1
12/1/2021,30-39,66418,59767,6651,15012,63,54,9
12/1/2021,40-49,58531,53344,5187,13524,179,144,35
12/1/2021,50-59,60786,55853,4933,11704,542,456,86
12/1/2021,60-69,40521,37663,2858,9197,1196,1030,166
12/1/2021,70-79,20750,19351,1399,7685,2001,1688,313
12/1/2021,80 and older,18358,16633,1725,11117,4906,3907,999
12/2/2021,0-9,31158,28970,2188,8277,1,1,0
12/2/2021,19-Oct,52448,47276,5172,11575,4,4,0
12/2/2021,20-29,73688,65386,8302,15834,17,16,1
12/2/2021,30-39,66663,60032,6631,15068,63,54,9
12/2/2021,40-49,58753,53573,5180,13576,179,144,35
12/2/2021,50-59,60984,56056,4928,11742,542,456,86
12/2/2021,60-69,40651,37791,2860,9227,1196,1030,166
12/2/2021,70-79,20787,19386,1401,7698,2001,1688,313
12/2/2021,80 and older,18385,16656,1729,11133,4906,3907,999
12/3/2021,0-9,31249,29051,2198,8301,1,1,0
12/3/2021,19-Oct,52586,47401,5185,11605,4,4,0
12/3/2021,20-29,73830,65500,8330,15864,17,16,1
12/3/2021,30-39,66821,60159,6662,15103,63,54,9
12/3/2021,40-49,58864,53679,5185,13601,179,144,35
12/3/2021,50-59,61089,56146,4943,11762,545,459,86
12/3/2021,60-69,40727,37854,2873,9244,1199,1032,167
12/3/2021,70-79,20812,19411,1401,7708,2004,1691,313
12/3/2021,80 and older,18402,16669,1733,11143,4913,3911,1002
1/17/2022,0-9,55943,51714,4229,14861,1,1,0
1/17/2022,19-Oct,84886,76037,8849,18733,4,4,0
1/17/2022,20-29,113485,99801,13684,24385,23,20,3
1/17/2022,30-39,106747,95169,11578,24128,82,66,16
1/17/2022,40-49,91129,81922,9207,21057,208,169,39
1/17/2022,50-59,90563,81918,8645,17437,595,498,97
1/17/2022,60-69,58247,53214,5033,13221,1348,1145,203
1/17/2022,70-79,28380,26104,2276,10510,2139,1789,350
1/17/2022,80 and older,22878,20585,2293,13854,5154,4108,1046
1/18/2022,0-9,56457,52167,4290,14997,1,1,0
1/18/2022,19-Oct,85514,76562,8952,18872,4,4,0
1/18/2022,20-29,114089,100275,13814,24515,23,20,3
1/18/2022,30-39,107391,95720,11671,24273,82,66,16
1/18/2022,40-49,91692,82392,9300,21187,208,169,39
1/18/2022,50-59,91182,82435,8747,17556,596,499,97
1/18/2022,60-69,58635,53527,5108,13309,1350,1146,204
1/18/2022,70-79,28587,26273,2314,10587,2142,1791,351
1/18/2022,80 and older,22974,20668,2306,13912,5158,4111,1047
1/19/2022,0-9,57108,52763,4345,15170,2,2,0
1/19/2022,19-Oct,86179,77165,9014,19018,4,4,0
1/19/2022,20-29,114777,100885,13892,24663,24,20,4
1/19/2022,30-39,108118,96380,11738,24437,83,67,16
1/19/2022,40-49,92254,82896,9358,21317,214,174,40
1/19/2022,50-59,91785,82981,8804,17672,608,509,99
1/19/2022,60-69,59084,53918,5166,13411,1369,1158,211
1/19/2022,70-79,28798,26453,2345,10665,2168,1812,356
1/19/2022,80 and older,23152,20815,2337,14020,5198,4141,1057
1/20/2022,0-9,57801,53354,4447,15354,2,2,0
1/20/2022,19-Oct,86803,77701,9102,19156,5,5,0
1/20/2022,20-29,115448,101465,13983,24807,24,20,4
1/20/2022,30-39,108848,97024,11824,24602,84,68,16
1/20/2022,40-49,92851,83436,9415,21455,214,174,40
1/20/2022,50-59,92383,83508,8875,17787,611,512,99
1/20/2022,60-69,59519,54304,5215,13510,1370,1159,211
1/20/2022,70-79,29036,26676,2360,10753,2170,1814,356
1/20/2022,80 and older,23357,20986,2371,14144,5203,4145,1058
1/21/2022,0-9,58402,53928,4474,15514,2,2,0
1/21/2022,19-Oct,87363,78213,9150,19280,5,5,0
1/21/2022,20-29,116077,102026,14051,24942,24,20,4
1/21/2022,30-39,109580,97732,11848,24768,86,70,16
1/21/2022,40-49,93448,83991,9457,21592,218,177,41
1/21/2022,50-59,92901,83996,8905,17887,624,524,100
1/21/2022,60-69,59958,54704,5254,13609,1385,1173,212
1/21/2022,70-79,29259,26882,2377,10836,2188,1828,360
1/21/2022,80 and older,23502,21093,2409,14231,5237,4168,1069
1/24/2022,0-9,60083,55521,4562,15961,2,2,0
1/24/2022,19-Oct,88973,79764,9209,19635,5,5,0
1/24/2022,20-29,117831,103692,14139,25319,24,20,4
1/24/2022,30-39,111556,99575,11981,25215,86,70,16
1/24/2022,40-49,95132,85589,9543,21982,218,177,41
1/24/2022,50-59,94378,85352,9026,18171,624,524,100
1/24/2022,60-69,61011,55691,5320,13848,1386,1174,212
1/24/2022,70-79,29729,27303,2426,11010,2194,1834,360
1/24/2022,80 and older,23847,21404,2443,14440,5235,4168,1067
1/25/2022,0-9,60500,55846,4654,16071,2,2,0
1/25/2022,19-Oct,89425,80071,9354,19735,5,5,0
1/25/2022,20-29,118447,104077,14370,25451,24,20,4
12/6/2021,0-9,31991,29784,2207,8498,1,1,0
12/6/2021,19-Oct,53393,48185,5208,11783,4,4,0
12/6/2021,20-29,74742,66396,8346,16060,17,16,1
12/6/2021,30-39,67732,61050,6682,15309,63,54,9
12/6/2021,40-49,59579,54366,5213,13767,179,144,35
12/6/2021,50-59,61798,56840,4958,11898,545,459,86
12/6/2021,60-69,41161,38274,2887,9343,1199,1032,167
12/6/2021,70-79,20984,19581,1403,7771,2004,1691,313
12/6/2021,80 and older,18480,16744,1736,11190,4913,3911,1002
12/7/2021,0-9,32209,29982,2227,8556,1,1,0
12/7/2021,19-Oct,53609,48363,5246,11831,4,4,0
12/7/2021,20-29,75039,66657,8382,16124,17,16,1
12/7/2021,30-39,68070,61347,6723,15386,63,54,9
12/7/2021,40-49,59859,54610,5249,13831,180,145,35
12/7/2021,50-59,62080,57085,4995,11953,546,460,86
12/7/2021,60-69,41333,38419,2914,9382,1207,1038,169
12/7/2021,70-79,21055,19640,1415,7798,2010,1696,314
12/7/2021,80 and older,18526,16785,1741,11218,4917,3914,1003
1/25/2022,30-39,112187,99976,12211,25357,86,70,16
1/25/2022,40-49,95644,85923,9721,22100,218,177,41
1/25/2022,50-59,94907,85687,9220,18273,624,524,100
1/25/2022,60-69,61381,55946,5435,13932,1386,1174,212
1/25/2022,70-79,29918,27443,2475,11080,2193,1834,359
1/25/2022,80 and older,23956,21479,2477,14506,5235,4168,1067
3/16/2022,0-9,66438,61038,5400,17649,2,2,0
3/16/2022,19-Oct,95158,84963,10195,21000,4,4,0
3/16/2022,20-29,124946,109700,15246,26848,28,25,3
3/16/2022,30-39,118969,106034,12935,26890,107,87,20
3/16/2022,40-49,101135,90810,10325,23369,237,193,44
3/16/2022,50-59,100001,90179,9822,19254,706,597,109
3/16/2022,60-69,65407,59554,5853,14846,1554,1335,219
3/16/2022,70-79,32159,29482,2677,11910,2393,2008,385
3/16/2022,80 and older,25695,22919,2776,15559,5646,4499,1147
3/17/2022,0-9,66485,61084,5401,17661,2,2,0
3/17/2022,19-Oct,95234,85030,10204,21017,4,4,0
3/17/2022,20-29,125016,109758,15258,26863,28,25,3
3/17/2022,30-39,119020,106080,12940,26902,107,87,20
3/17/2022,40-49,101181,90852,10329,23379,237,193,44
3/17/2022,50-59,100042,90213,9829,19262,706,597,109
3/17/2022,60-69,65448,59588,5860,14855,1554,1335,219
3/17/2022,70-79,32181,29497,2684,11918,2393,2008,385
3/17/2022,80 and older,25706,22926,2780,15566,5646,4499,1147
3/18/2022,0-9,66512,61109,5403,17668,2,2,0
3/18/2022,19-Oct,95285,85073,10212,21028,4,4,0
3/18/2022,20-29,125066,109798,15268,26873,28,25,3
3/18/2022,30-39,119065,106122,12943,26912,107,87,20
3/18/2022,40-49,101223,90890,10333,23389,238,194,44
3/18/2022,50-59,100081,90247,9834,19269,714,603,111
3/18/2022,60-69,65489,59625,5864,14865,1560,1340,220
3/18/2022,70-79,32202,29514,2688,11926,2400,2015,385
3/18/2022,80 and older,25727,22943,2784,15579,5664,4511,1153
3/21/2022,0-9,66560,61153,5407,17681,2,2,0
3/21/2022,19-Oct,95385,85154,10231,21050,4,4,0
3/21/2022,20-29,125162,109870,15292,26894,28,25,3
3/21/2022,30-39,119138,106191,12947,26928,107,87,20
3/21/2022,40-49,101292,90954,10338,23405,238,194,44
3/21/2022,50-59,100161,90321,9840,19285,714,603,111
3/21/2022,60-69,65567,59698,5869,14882,1560,1340,220
3/21/2022,70-79,32243,29550,2693,11941,2403,2018,385
3/21/2022,80 and older,25744,22958,2786,15589,5667,4514,1153
3/22/2022,0-9,66597,61186,5411,17691,2,2,0
3/22/2022,19-Oct,95424,85189,10235,21059,4,4,0
3/22/2022,20-29,125227,109912,15315,26908,28,25,3
3/22/2022,30-39,119190,106235,12955,26940,107,87,20
3/22/2022,40-49,101345,91002,10343,23417,239,195,44
1/26/2022,0-9,60908,56230,4678,16180,2,2,0
1/26/2022,19-Oct,89797,80406,9391,19817,5,5,0
1/26/2022,20-29,118799,104393,14406,25527,25,21,4
1/26/2022,30-39,112635,100378,12257,25458,86,70,16
1/26/2022,40-49,95982,86215,9767,22178,220,179,41
1/26/2022,50-59,95248,85985,9263,18339,635,534,101
1/26/2022,60-69,61657,56180,5477,13995,1412,1192,220
1/26/2022,70-79,30080,27587,2493,11140,2229,1861,368
1/26/2022,80 and older,24055,21548,2507,14566,5287,4209,1078
1/27/2022,0-9,61342,56633,4709,16295,2,2,0
1/27/2022,19-Oct,90172,80734,9438,19900,5,5,0
1/27/2022,20-29,119205,104754,14451,25614,24,20,4
1/27/2022,30-39,113120,100810,12310,25568,86,70,16
1/27/2022,40-49,96398,86599,9799,22274,219,179,40
1/27/2022,50-59,95590,86296,9294,18405,633,535,98
1/27/2022,60-69,61966,56456,5510,14065,1417,1197,220
1/27/2022,70-79,30237,27724,2513,11198,2230,1862,368
1/27/2022,80 and older,24162,21641,2521,14631,5292,4214,1078
1/28/2022,0-9,61720,56986,4734,16395,2,2,0
1/28/2022,19-Oct,90456,80983,9473,19962,5,5,0
1/28/2022,20-29,119595,105102,14493,25698,25,21,4
1/28/2022,30-39,113630,101280,12350,25683,86,70,16
1/28/2022,40-49,96737,86904,9833,22352,221,180,41
1/28/2022,50-59,95905,86573,9332,18465,638,538,100
1/28/2022,60-69,62215,56687,5528,14121,1431,1208,223
1/28/2022,70-79,30361,27842,2519,11244,2246,1876,370
1/28/2022,80 and older,24256,21718,2538,14688,5331,4242,1089
1/31/2022,0-9,62107,57353,4754,16498,2,2,0
1/31/2022,19-Oct,90907,81406,9501,20062,5,5,0
1/31/2022,20-29,120056,105498,14558,25797,25,21,4
1/31/2022,30-39,114153,101753,12400,25802,86,70,16
1/31/2022,40-49,97175,87302,9873,22454,221,180,41
1/31/2022,50-59,96327,86942,9385,18547,643,540,103
1/31/2022,60-69,62555,57001,5554,14199,1436,1210,226
1/31/2022,70-79,30525,27993,2532,11305,2249,1879,370
1/31/2022,80 and older,24398,21845,2553,14774,5343,4248,1095
2/1/2022,0-9,62295,57519,4776,16548,2,2,0
2/1/2022,19-Oct,91067,81532,9535,20097,5,5,0
2/1/2022,20-29,120204,105619,14585,25829,25,21,4
2/1/2022,30-39,114341,101905,12436,25844,87,71,16
2/1/2022,40-49,97332,87442,9890,22490,222,181,41
2/1/2022,50-59,96492,87081,9411,18578,647,543,104
2/1/2022,60-69,62656,57085,5571,14222,1447,1216,231
2/1/2022,70-79,30586,28045,2541,11327,2259,1886,373
2/1/2022,80 and older,24469,21889,2580,14817,5382,4277,1105
2/2/2022,0-9,62577,57781,4796,16623,2,2,0
2/2/2022,19-Oct,91274,81708,9566,20143,5,5,0
2/2/2022,20-29,120425,105809,14616,25876,25,21,4
2/2/2022,30-39,114609,102138,12471,25905,88,72,16
2/2/2022,40-49,97593,87658,9935,22550,222,181,41
2/2/2022,50-59,96702,87260,9442,18619,647,543,104
2/2/2022,60-69,62829,57237,5592,14261,1448,1217,231
2/2/2022,70-79,30693,28143,2550,11367,2261,1887,374
2/2/2022,80 and older,24526,21938,2588,14852,5385,4280,1105
2/3/2022,0-9,62948,58143,4805,16722,2,2,0
2/3/2022,19-Oct,91569,81986,9583,20208,5,5,0
2/3/2022,20-29,120733,106079,14654,25942,25,21,4
2/3/2022,30-39,115014,102518,12496,25996,88,72,16
2/3/2022,40-49,97922,87969,9953,22626,222,181,41
2/3/2022,50-59,96995,87538,9457,18675,647,543,104
2/3/2022,60-69,63054,57456,5598,14312,1448,1218,230
2/3/2022,70-79,30810,28256,2554,11410,2261,1887,374
2/3/2022,80 and older,24628,22030,2598,14913,5385,4280,1105
2/4/2022,0-9,63160,58292,4868,16778,2,2,0
2/4/2022,19-Oct,91728,82093,9635,20243,5,5,0
2/4/2022,20-29,120880,106198,14682,25974,25,21,4
2/4/2022,30-39,115222,102697,12525,26043,90,72,18
2/4/2022,40-49,98050,88077,9973,22656,222,181,41
2/4/2022,50-59,97146,87664,9482,18704,653,549,104
2/4/2022,60-69,63146,57535,5611,14333,1462,1228,234
2/4/2022,70-79,30883,28314,2569,11437,2277,1898,379
2/4/2022,80 and older,24707,22081,2626,14961,5423,4310,1113
3/22/2022,50-59,100248,90390,9858,19302,716,605,111
3/22/2022,60-69,65645,59760,5885,14900,1563,1341,222
3/22/2022,70-79,32273,29572,2701,11952,2408,2021,387
3/22/2022,80 and older,25763,22974,2789,15601,5675,4520,1155
5/19/2022,0-9,72414,66724,5690,19236,2,2,0
5/19/2022,19-Oct,101661,90818,10843,22435,4,4,0
5/19/2022,20-29,133755,117590,16165,28741,28,25,3
5/19/2022,30-39,128750,115137,13613,29101,109,90,19
5/19/2022,40-49,109731,98736,10995,25355,243,200,43
5/19/2022,50-59,109353,98687,10666,21055,730,619,111
5/19/2022,60-69,73634,66974,6660,16713,1594,1365,229
5/19/2022,70-79,36729,33495,3234,13602,2455,2057,398
5/19/2022,80 and older,28244,25024,3220,17103,5757,4577,1180
5/20/2022,0-9,72590,66884,5706,19283,2,2,0
5/20/2022,19-Oct,101891,91023,10868,22486,4,4,0
5/20/2022,20-29,134005,117813,16192,28794,28,25,3
5/20/2022,30-39,129083,115426,13657,29176,109,90,19
5/20/2022,40-49,110025,98989,11036,25423,243,200,43
5/20/2022,50-59,109648,98950,10698,21111,731,620,111
5/20/2022,60-69,73920,67204,6716,16778,1594,1365,229
5/20/2022,70-79,36897,33636,3261,13665,2456,2058,398
5/20/2022,80 and older,28336,25097,3239,17159,5759,4578,1181
5/23/2022,0-9,72900,67182,5718,19365,2,2,0
5/23/2022,19-Oct,102236,91330,10906,22562,4,4,0
5/23/2022,20-29,134429,118200,16229,28885,28,25,3
5/23/2022,30-39,129640,115942,13698,29302,109,90,19
5/23/2022,40-49,110528,99452,11076,25539,243,200,43
5/23/2022,50-59,110143,99394,10749,21207,731,620,111
5/23/2022,60-69,74342,67594,6748,16874,1594,1365,229
5/23/2022,70-79,37153,33864,3289,13759,2456,2058,398
5/23/2022,80 and older,28483,25224,3259,17248,5759,4578,1181
5/24/2022,0-9,72983,67264,5719,19387,2,2,0
5/24/2022,19-Oct,102327,91418,10909,22582,4,4,0
5/24/2022,20-29,134554,118316,16238,28912,28,25,3
5/24/2022,30-39,129799,116078,13721,29338,109,90,19
5/24/2022,40-49,110644,99559,11085,25566,243,200,43
5/24/2022,50-59,110298,99534,10764,21237,731,620,111
5/24/2022,60-69,74486,67715,6771,16907,1596,1367,229
5/24/2022,70-79,37241,33945,3296,13792,2461,2062,399
5/24/2022,80 and older,28550,25276,3274,17288,5763,4581,1182
5/25/2022,0-9,73101,67370,5731,19419,2,2,0
5/25/2022,19-Oct,102502,91564,10938,22621,4,4,0
5/25/2022,20-29,134764,118468,16296,28957,28,25,3
5/25/2022,30-39,130032,116270,13762,29391,109,90,19
5/25/2022,40-49,110892,99762,11130,25623,243,200,43
5/25/2022,50-59,110543,99726,10817,21284,731,620,111
5/25/2022,60-69,74717,67901,6816,16959,1596,1367,229
5/25/2022,70-79,37360,34038,3322,13836,2460,2061,399
5/25/2022,80 and older,28613,25331,3282,17326,5763,4581,1182
5/26/2022,0-9,73268,67523,5745,19463,2,2,0
5/26/2022,19-Oct,102651,91691,10960,22654,4,4,0
5/26/2022,20-29,134983,118640,16343,29004,28,25,3
5/26/2022,30-39,130253,116457,13796,29441,109,90,19
5/26/2022,40-49,111100,99927,11173,25671,243,200,43
5/26/2022,50-59,110756,99919,10837,21325,731,620,111
5/26/2022,60-69,74934,68066,6868,17008,1596,1367,229
5/26/2022,70-79,37480,34137,3343,13880,2463,2064,399
5/26/2022,80 and older,28680,25388,3292,17367,5765,4582,1183
2/7/2022,0-9,63453,58548,4905,16856,2,2,0
2/7/2022,19-Oct,91953,82276,9677,20293,5,5,0
2/7/2022,20-29,121138,106423,14715,26029,25,21,4
2/7/2022,30-39,115587,103018,12569,26126,90,72,18
2/7/2022,40-49,98321,88319,10002,22718,222,181,41
2/7/2022,50-59,97416,87900,9516,18756,653,549,104
2/7/2022,60-69,63368,57729,5639,14383,1461,1227,234
2/7/2022,70-79,31007,28423,2584,11483,2277,1898,379
2/7/2022,80 and older,24813,22167,2646,15025,5424,4311,1113
2/8/2022,0-9,63660,58717,4943,16911,2,2,0
2/8/2022,19-Oct,92093,82373,9720,20324,5,5,0
2/8/2022,20-29,121309,106563,14746,26066,25,21,4
2/8/2022,30-39,115809,103224,12585,26176,90,72,18
2/8/2022,40-49,98496,88481,10015,22759,222,181,41
2/8/2022,50-59,97581,88040,9541,18788,652,548,104
2/8/2022,60-69,63504,57853,5651,14414,1461,1227,234
2/8/2022,70-79,31087,28494,2593,11513,2277,1898,379
2/8/2022,80 and older,24859,22211,2648,15053,5424,4311,1113
2/9/2022,0-9,63829,58849,4980,16956,2,2,0
2/9/2022,19-Oct,92217,82477,9740,20351,5,5,0
2/9/2022,20-29,121444,106681,14763,26095,25,21,4
2/9/2022,30-39,115974,103370,12604,26213,92,74,18
2/9/2022,40-49,98631,88603,10028,22790,225,184,41
2/9/2022,50-59,97689,88132,9557,18809,655,551,104
2/9/2022,60-69,63615,57940,5675,14439,1473,1238,235
2/9/2022,70-79,31141,28537,2604,11533,2291,1912,379
2/9/2022,80 and older,24905,22241,2664,15081,5446,4328,1118
2/10/2022,0-9,63974,58981,4993,16994,2,2,0
2/10/2022,19-Oct,92337,82575,9762,20377,5,5,0
2/10/2022,20-29,121571,106789,14782,26123,25,21,4
2/10/2022,30-39,116146,103527,12619,26252,92,74,18
2/10/2022,40-49,98756,88715,10041,22819,226,185,41
2/10/2022,50-59,97793,88222,9571,18829,656,551,105
2/10/2022,60-69,63724,58038,5686,14464,1473,1239,234
2/10/2022,70-79,31221,28609,2612,11562,2293,1914,379
2/10/2022,80 and older,24948,22277,2671,15107,5447,4329,1118
2/11/2022,0-9,64106,59078,5028,17029,2,2,0
2/11/2022,19-Oct,92467,82658,9809,20406,5,5,0
2/11/2022,20-29,121765,106913,14852,26164,25,21,4
2/11/2022,30-39,116352,103681,12671,26299,92,74,18
2/11/2022,40-49,98928,88835,10093,22859,228,186,42
2/11/2022,50-59,97957,88333,9624,18860,661,555,106
2/11/2022,60-69,63827,58113,5714,14487,1481,1247,234
2/11/2022,70-79,31268,28649,2619,11580,2302,1922,380
2/11/2022,80 and older,24989,22314,2675,15132,5464,4343,1121
2/14/2022,0-9,64341,59280,5061,17092,2,2,0
2/14/2022,19-Oct,92658,82833,9825,20448,5,5,0
2/14/2022,20-29,122004,107125,14879,26216,25,21,4
2/14/2022,30-39,116588,103901,12687,26352,92,74,18
2/14/2022,40-49,99106,88996,10110,22900,228,186,42
2/14/2022,50-59,98132,88480,9652,18894,661,555,106
2/14/2022,60-69,63959,58232,5727,14517,1481,1247,234
2/14/2022,70-79,31335,28709,2626,11605,2302,1922,380
2/14/2022,80 and older,25060,22371,2689,15175,5464,4343,1121
2/15/2022,0-9,64521,59426,5095,17139,2,2,0
2/15/2022,19-Oct,92795,82949,9846,20478,5,5,0
2/15/2022,20-29,122161,107258,14903,26249,25,21,4
2/15/2022,30-39,116786,104077,12709,26397,93,75,18
2/15/2022,40-49,99267,89142,10125,22937,230,188,42
2/15/2022,50-59,98280,88616,9664,18923,671,565,106
2/15/2022,60-69,64090,58350,5740,14547,1493,1259,234
2/15/2022,70-79,31433,28801,2632,11641,2316,1933,383
2/15/2022,80 and older,25135,22436,2699,15220,5485,4359,1126
2/16/2022,0-9,64795,59696,5099,17212,2,2,0
2/16/2022,19-Oct,93034,83167,9867,20531,5,5,0
2/16/2022,20-29,122455,107529,14926,26312,25,22,3
2/16/2022,30-39,117021,104303,12718,26450,93,76,17
2/16/2022,40-49,99483,89357,10126,22987,230,188,42
2/16/2022,50-59,98482,88822,9660,18962,669,567,102
2/16/2022,60-69,64270,58556,5714,14588,1493,1271,222
2/16/2022,70-79,31542,28918,2624,11681,2315,1939,376
2/16/2022,80 and older,25215,22538,2677,15269,5486,4375,1111
3/23/2022,0-9,66634,61221,5413,17701,2,2,0
3/23/2022,19-Oct,95462,85220,10242,21067,4,4,0
3/23/2022,20-29,125292,109965,15327,26922,28,25,3
3/23/2022,30-39,119230,106274,12956,26949,107,87,20
3/23/2022,40-49,101409,91054,10355,23432,239,195,44
3/23/2022,50-59,100321,90456,9865,19316,717,606,111
3/23/2022,60-69,65689,59800,5889,14910,1562,1340,222
3/23/2022,70-79,32299,29596,2703,11962,2407,2021,386
3/23/2022,80 and older,25772,22984,2788,15606,5674,4520,1154
3/24/2022,0-9,66665,61249,5416,17709,2,2,0
3/24/2022,19-Oct,95516,85256,10260,21079,4,4,0
3/24/2022,20-29,125366,110020,15346,26938,27,24,3
3/24/2022,30-39,119285,106317,12968,26962,107,87,20
3/24/2022,40-49,101479,91112,10367,23448,239,195,44
3/24/2022,50-59,100378,90503,9875,19327,718,607,111
3/24/2022,60-69,65747,59841,5906,14923,1562,1340,222
3/24/2022,70-79,32328,29619,2709,11972,2408,2022,386
3/24/2022,80 and older,25784,22991,2793,15613,5677,4521,1156
3/25/2022,0-9,66698,61281,5417,17718,2,2,0
3/25/2022,19-Oct,95569,85304,10265,21091,4,4,0
3/25/2022,20-29,125433,110072,15361,26952,27,24,3
3/25/2022,30-39,119364,106387,12977,26979,109,89,20
3/25/2022,40-49,101530,91153,10377,23460,239,195,44
3/25/2022,50-59,100442,90562,9880,19339,718,607,111
3/25/2022,60-69,65792,59878,5914,14933,1567,1343,224
3/25/2022,70-79,32349,29643,2706,11980,2410,2024,386
3/25/2022,80 and older,25800,23003,2797,15623,5683,4524,1159
3/28/2022,0-9,66778,61354,5424,17739,2,2,0
3/28/2022,19-Oct,95688,85396,10292,21117,4,4,0
3/28/2022,20-29,125585,110187,15398,26985,27,24,3
3/28/2022,30-39,119509,106502,13007,27012,109,89,20
3/28/2022,40-49,101693,91290,10403,23498,239,195,44
3/28/2022,50-59,100576,90663,9913,19365,718,607,111
3/28/2022,60-69,65915,59979,5936,14961,1567,1343,224
3/28/2022,70-79,32418,29701,2717,12006,2410,2024,386
3/28/2022,80 and older,25830,23026,2804,15641,5683,4524,1159
3/29/2022,0-9,66811,61383,5428,17748,2,2,0
3/29/2022,19-Oct,95728,85430,10298,21126,4,4,0
3/29/2022,20-29,125629,110228,15401,26994,27,24,3
3/29/2022,30-39,119568,106555,13013,27025,109,89,20
3/29/2022,40-49,101757,91346,10411,23512,240,196,44
3/29/2022,50-59,100621,90702,9919,19373,721,609,112
3/29/2022,60-69,65960,60018,5942,14971,1570,1346,224
3/29/2022,70-79,32444,29725,2719,12015,2415,2028,387
3/29/2022,80 and older,25839,23035,2804,15647,5691,4531,1160
3/30/2022,0-9,66852,61420,5432,17759,2,2,0
3/30/2022,19-Oct,95768,85467,10301,21135,4,4,0
3/30/2022,20-29,125719,110301,15418,27014,27,24,3
3/30/2022,30-39,119650,106631,13019,27044,109,89,20
3/30/2022,40-49,101809,91393,10416,23524,240,196,44
3/30/2022,50-59,100685,90755,9930,19386,721,609,112
3/30/2022,60-69,66013,60064,5949,14984,1570,1346,224
3/30/2022,70-79,32471,29748,2723,12025,2415,2028,387
3/30/2022,80 and older,25848,23043,2805,15652,5691,4531,1160
3/31/2022,0-9,67009,61574,5435,17800,2,2,0
3/31/2022,19-Oct,95949,85648,10301,21175,4,4,0
3/31/2022,20-29,125790,110364,15426,27029,27,24,3
3/31/2022,30-39,119727,106704,13023,27061,108,89,19
2/17/2022,0-9,64850,59709,5141,17227,2,2,0
2/17/2022,19-Oct,93115,83186,9929,20549,5,5,0
2/17/2022,20-29,122549,107566,14983,26333,25,22,3
2/17/2022,30-39,117119,104329,12790,26472,93,76,17
2/17/2022,40-49,99559,89371,10188,23005,230,188,42
2/17/2022,50-59,98543,88831,9712,18973,670,568,102
2/17/2022,60-69,64320,58567,5753,14599,1495,1273,222
2/17/2022,70-79,31561,28925,2636,11688,2317,1941,376
2/17/2022,80 and older,25226,22546,2680,15275,5487,4377,1110
2/18/2022,0-9,64995,59837,5158,17265,2,2,0
2/18/2022,19-Oct,93296,83354,9942,20589,4,4,0
2/18/2022,20-29,122858,107853,15005,26399,25,22,3
2/18/2022,30-39,117294,104482,12812,26511,94,77,17
2/18/2022,40-49,99703,89495,10208,23038,233,189,44
2/18/2022,50-59,98659,88938,9721,18996,673,571,102
2/18/2022,60-69,64412,58639,5773,14620,1507,1284,223
2/18/2022,70-79,31618,28972,2646,11710,2319,1942,377
2/18/2022,80 and older,25270,22581,2689,15302,5500,4387,1113
2/21/2022,0-9,65129,59964,5165,17301,2,2,0
2/21/2022,19-Oct,93491,83537,9954,20632,4,4,0
2/21/2022,20-29,123129,108110,15019,26457,25,22,3
2/21/2022,30-39,117483,104664,12819,26554,94,77,17
2/21/2022,40-49,99841,89617,10224,23070,233,189,44
2/21/2022,50-59,98793,89060,9733,19021,676,572,104
2/21/2022,60-69,64522,58734,5788,14645,1509,1285,224
2/21/2022,70-79,31686,29036,2650,11735,2324,1946,378
2/21/2022,80 and older,25323,22622,2701,15334,5507,4393,1114
2/22/2022,0-9,65173,60002,5171,17313,2,2,0
2/22/2022,19-Oct,93527,83558,9969,20640,4,4,0
2/22/2022,20-29,123169,108140,15029,26466,25,22,3
2/22/2022,30-39,117540,104707,12833,26567,94,77,17
2/22/2022,40-49,99894,89661,10233,23082,233,189,44
2/22/2022,50-59,98838,89089,9749,19030,676,572,104
2/22/2022,60-69,64548,58753,5795,14651,1509,1285,224
2/22/2022,70-79,31710,29058,2652,11744,2324,1946,378
2/22/2022,80 and older,25336,22632,2704,15342,5507,4393,1114
2/23/2022,0-9,65222,60046,5176,17326,2,2,0
2/23/2022,19-Oct,93622,83635,9987,20661,4,4,0
2/23/2022,20-29,123285,108246,15039,26491,25,22,3
2/23/2022,30-39,117593,104752,12841,26579,95,78,17
2/23/2022,40-49,99947,89706,10241,23094,234,190,44
2/23/2022,50-59,98882,89127,9755,19039,680,576,104
2/23/2022,60-69,64595,58795,5800,14662,1517,1293,224
2/23/2022,70-79,31746,29085,2661,11757,2337,1957,380
2/23/2022,80 and older,25383,22652,2731,15371,5544,4421,1123
2/24/2022,0-9,65335,60073,5262,17356,2,2,0
2/24/2022,19-Oct,93724,83685,10039,20684,4,4,0
2/24/2022,20-29,123361,108289,15072,26507,25,22,3
2/24/2022,30-39,117630,104777,12853,26587,95,78,17
2/24/2022,40-49,99985,89728,10257,23103,234,190,44
2/24/2022,50-59,98919,89159,9760,19046,681,577,104
2/24/2022,60-69,64622,58818,5804,14668,1518,1294,224
2/24/2022,70-79,31765,29103,2662,11764,2339,1959,380
2/24/2022,80 and older,25392,22655,2737,15376,5545,4421,1124
2/25/2022,0-9,65373,60104,5269,17366,2,2,0
2/25/2022,19-Oct,93772,83726,10046,20694,4,4,0
2/25/2022,20-29,123440,108354,15086,26524,25,22,3
2/25/2022,30-39,117690,104830,12860,26601,95,78,17
2/25/2022,40-49,100040,89772,10268,23116,234,190,44
2/25/2022,50-59,98973,89201,9772,19056,683,577,106
2/25/2022,60-69,64658,58851,5807,14676,1521,1297,224
2/25/2022,70-79,31791,29127,2664,11774,2344,1964,380
2/25/2022,80 and older,25419,22678,2741,15392,5557,4431,1126
3/31/2022,40-49,101886,91468,10418,23542,240,196,44
3/31/2022,50-59,100766,90833,9933,19401,721,610,111
3/31/2022,60-69,66069,60117,5952,14996,1569,1346,223
3/31/2022,70-79,32494,29766,2728,12034,2415,2028,387
3/31/2022,80 and older,25867,23060,2807,15664,5690,4530,1160
5/27/2022,0-9,73359,67600,5759,19487,2,2,0
5/27/2022,19-Oct,102758,91771,10987,22677,4,4,0
5/27/2022,20-29,135154,118770,16384,29041,28,25,3
5/27/2022,30-39,130422,116603,13819,29479,109,90,19
5/27/2022,40-49,111249,100048,11201,25706,243,200,43
5/27/2022,50-59,110938,100058,10880,21360,731,620,111
5/27/2022,60-69,75077,68187,6890,17041,1596,1367,229
5/27/2022,70-79,37557,34192,3365,13909,2463,2064,399
5/27/2022,80 and older,28730,25428,3302,17397,5765,4582,1183
6/13/2022,19-Oct,103697,92568,11129,22905,4,4,0
6/13/2022,20-29,136758,120092,16666,28903,28,25,3
6/13/2022,30-39,132241,118128,14113,29349,111,92,19
6/13/2022,40-49,112660,101229,11431,26137,244,201,43
6/13/2022,50-59,112758,101565,11193,21877,732,620,112
6/13/2022,60-69,76652,69466,7186,16906,1605,1372,233
6/13/2022,70-79,38518,34978,3540,13654,2481,2080,401
6/13/2022,80 and older,29262,25853,3409,38524,5789,4601,1188
4/1/2022,0-9,67035,61600,5435,17807,2,2,0
4/1/2022,19-Oct,96001,85696,10305,21186,4,4,0
4/1/2022,20-29,125871,110435,15436,27046,27,24,3
4/1/2022,30-39,119820,106788,13032,27082,108,89,19
4/1/2022,40-49,101953,91529,10424,23558,240,196,44
4/1/2022,50-59,100838,90898,9940,19415,721,610,111
4/1/2022,60-69,66123,60164,5959,15008,1570,1347,223
4/1/2022,70-79,32530,29793,2737,12047,2416,2028,388
4/1/2022,80 and older,25888,23077,2811,15676,5691,4530,1161
4/4/2022,0-9,67159,61722,5437,17840,2,2,0
4/4/2022,19-Oct,96180,85826,10354,21226,4,4,0
4/4/2022,20-29,126049,110586,15463,27085,27,24,3
4/4/2022,30-39,119994,106944,13050,27122,108,89,19
4/4/2022,40-49,102113,91680,10433,23595,240,196,44
4/4/2022,50-59,101019,91057,9962,19450,721,610,111
4/4/2022,60-69,66277,60304,5973,15043,1570,1347,223
4/4/2022,70-79,32618,29865,2753,12080,2416,2028,388
4/4/2022,80 and older,25914,23098,2816,15692,5691,4530,1161
4/5/2022,0-9,67200,61761,5439,17851,2,2,0
4/5/2022,19-Oct,96218,85861,10357,21234,4,4,0
4/5/2022,20-29,126101,110627,15474,27096,27,24,3
4/5/2022,30-39,120061,107007,13054,27137,108,89,19
4/5/2022,40-49,102167,91725,10442,23607,240,196,44
4/5/2022,50-59,101082,91113,9969,19462,722,611,111
4/5/2022,60-69,66341,60361,5980,15058,1570,1346,224
4/5/2022,70-79,32657,29895,2762,12094,2421,2030,391
4/5/2022,80 and older,25929,23113,2816,15701,5699,4537,1162
4/6/2022,0-9,67237,61796,5441,17861,2,2,0
4/6/2022,19-Oct,96253,85890,10363,21242,4,4,0
4/6/2022,20-29,126185,110698,15487,27114,27,24,3
4/6/2022,30-39,120127,107066,13061,27152,108,89,19
4/6/2022,40-49,102226,91777,10449,23621,240,196,44
4/6/2022,50-59,101162,91182,9980,19478,722,611,111
4/6/2022,60-69,66396,60406,5990,15070,1571,1347,224
4/6/2022,70-79,32704,29933,2771,12112,2423,2032,391
4/6/2022,80 and older,25946,23125,2821,15711,5698,4537,1161
4/7/2022,0-9,67309,61864,5445,17880,2,2,0
4/7/2022,19-Oct,96326,85957,10369,21258,4,4,0
4/7/2022,20-29,126298,110801,15497,27138,27,24,3
4/7/2022,30-39,120231,107162,13069,27175,108,89,19
4/7/2022,40-49,102320,91868,10452,23642,240,196,44
4/7/2022,50-59,101290,91297,9993,19502,722,611,111
4/7/2022,60-69,66486,60487,5999,15091,1571,1347,224
4/7/2022,70-79,32750,29973,2777,12129,2423,2032,391
4/7/2022,80 and older,25976,23148,2828,15730,5698,4536,1162
4/8/2022,0-9,67370,61920,5450,17896,2,2,0
4/8/2022,19-Oct,96401,86029,10372,21274,4,4,0
4/8/2022,20-29,126390,110887,15503,27158,27,24,3
4/8/2022,30-39,120332,107252,13080,27198,109,90,19
4/8/2022,40-49,102406,91948,10458,23662,240,196,44
4/8/2022,50-59,101381,91376,10005,19520,722,611,111
4/8/2022,60-69,66572,60571,6001,15110,1573,1349,224
4/8/2022,70-79,32819,30038,2781,12154,2424,2033,391
4/8/2022,80 and older,26006,23175,2831,15748,5700,4538,1162
4/11/2022,0-9,67534,62071,5463,17940,2,2,0
4/11/2022,19-Oct,96573,86178,10395,21312,4,4,0
4/11/2022,20-29,126615,111081,15534,27206,27,24,3
4/11/2022,30-39,120623,107507,13116,27264,109,90,19
4/11/2022,40-49,102664,92170,10494,23722,240,196,44
4/11/2022,50-59,101646,91601,10045,19571,722,611,111
4/11/2022,60-69,66809,60773,6036,15164,1573,1349,224
4/11/2022,70-79,32979,30176,2803,12214,2424,2033,391
4/11/2022,80 and older,26072,23230,2842,15788,5701,4539,1162
4/12/2022,0-9,67598,62133,5465,17957,2,2,0
4/12/2022,19-Oct,96657,86245,10412,21331,4,4,0
4/12/2022,20-29,126706,111150,15556,27226,27,24,3
4/12/2022,30-39,120696,107565,13131,27280,109,90,19
4/12/2022,40-49,102739,92232,10507,23739,240,196,44
4/12/2022,50-59,101740,91674,10066,19589,723,612,111
4/12/2022,60-69,66883,60837,6046,15181,1574,1350,224
4/12/2022,70-79,33026,30217,2809,12231,2425,2033,392
4/12/2022,80 and older,26101,23253,2848,15805,5704,4541,1163
5/31/2022,0-9,73563,67787,5776,19541,2,2,0
5/31/2022,19-Oct,102997,91986,11011,22730,4,4,0
5/31/2022,20-29,135550,119120,16430,29126,28,25,3
5/31/2022,30-39,130838,116981,13857,29573,109,90,19
5/31/2022,40-49,111556,100332,11224,25777,243,200,43
5/31/2022,50-59,111343,100423,10920,21438,731,620,111
5/31/2022,60-69,75492,68551,6941,17135,1596,1367,229
5/31/2022,70-79,37770,34380,3390,13988,2463,2064,399
5/31/2022,80 and older,28862,25535,3327,17477,5765,4582,1183
6/1/2022,0-9,73654,67860,5794,19566,4,3,1
6/1/2022,19-Oct,103109,92068,11041,22755,4,4,0
6/1/2022,20-29,135643,119183,16460,29146,28,25,3
6/1/2022,30-39,130979,117075,13904,29605,109,90,19
6/1/2022,40-49,111687,100409,11278,25807,244,201,43
6/1/2022,50-59,111485,100509,10976,21465,731,620,111
6/1/2022,60-69,75620,68629,6991,17164,1600,1370,230
6/1/2022,70-79,37870,34441,3429,14025,2472,2070,402
6/1/2022,80 and older,28919,25575,3344,17512,5781,4593,1188
6/2/2022,0-9,73708,67913,5795,19389,4,3,1
6/2/2022,19-Oct,103166,92120,11046,22788,4,4,0
6/2/2022,20-29,135741,119266,16475,28688,28,25,3
6/2/2022,30-39,131084,117165,13919,29092,109,90,19
6/2/2022,40-49,111760,100466,11294,25928,244,201,43
6/2/2022,50-59,111578,100590,10988,21648,731,620,111
6/2/2022,60-69,75709,68700,7009,16698,1600,1370,230
6/2/2022,70-79,37924,34480,3444,13443,2472,2070,402
6/2/2022,80 and older,28955,25597,3358,38120,5780,4593,1187
6/3/2022,0-9,73784,67979,5805,19409,4,3,1
6/3/2022,19-Oct,103256,92190,11066,22808,4,4,0
6/3/2022,20-29,135913,119404,16509,28724,28,25,3
6/3/2022,30-39,131259,117308,13951,29131,109,90,19
6/3/2022,40-49,111887,100578,11309,25957,244,201,43
6/3/2022,50-59,111754,100730,11024,21682,731,620,111
6/3/2022,60-69,75851,68809,7042,16730,1600,1370,230
6/3/2022,70-79,38015,34550,3465,13475,2472,2070,402
6/3/2022,80 and older,28989,25624,3365,38165,5781,4593,1188
6/14/2022,0-9,74290,68423,5867,19542,6,5,1
6/14/2022,19-Oct,103747,92611,11136,22916,4,4,0
6/14/2022,20-29,136834,120154,16680,28919,28,25,3
6/14/2022,30-39,132334,118198,14136,29370,112,93,19
6/14/2022,40-49,112746,101290,11456,26157,244,201,43
6/14/2022,50-59,112858,101637,11221,21896,733,621,112
6/14/2022,60-69,76766,69558,7208,16931,1606,1373,233
6/14/2022,70-79,38596,35039,3557,13681,2486,2084,402
6/14/2022,80 and older,29323,25897,3426,38605,5796,4603,1193
6/15/2022,0-9,74362,68490,5872,19561,6,5,1
6/15/2022,19-Oct,103799,92657,11142,22928,4,4,0
6/15/2022,20-29,136935,120240,16695,28940,28,25,3
6/15/2022,30-39,132446,118286,14160,29395,112,93,19
6/15/2022,40-49,112842,101375,11467,26179,244,201,43
6/15/2022,50-59,112986,101741,11245,21921,733,621,112
6/15/2022,60-69,76895,69669,7226,16960,1606,1373,233
6/15/2022,70-79,38669,35100,3569,13707,2486,2084,402
6/15/2022,80 and older,29374,25943,3431,38672,5796,4603,1193
6/16/2022,0-9,74390,68518,5872,19761,6,5,1
6/16/2022,19-Oct,103830,92685,11145,22914,4,4,0
6/16/2022,20-29,137001,120298,16703,29438,28,25,3
6/16/2022,30-39,132539,118370,14169,29957,112,93,19
4/13/2022,0-9,67663,62193,5470,17974,2,2,0
4/13/2022,19-Oct,96724,86295,10429,21346,4,4,0
4/13/2022,20-29,126801,111232,15569,27246,27,24,3
4/13/2022,30-39,120777,107638,13139,27299,109,90,19
4/13/2022,40-49,102828,92310,10518,23760,240,196,44
4/13/2022,50-59,101846,91765,10081,19609,723,612,111
4/13/2022,60-69,66986,60928,6058,15204,1574,1350,224
4/13/2022,70-79,33088,30274,2814,12254,2426,2034,392
4/13/2022,80 and older,26125,23274,2851,15820,5704,4541,1163
4/14/2022,0-9,67695,62225,5470,17983,2,2,0
4/14/2022,19-Oct,96753,86322,10431,21352,4,4,0
4/14/2022,20-29,126870,111300,15570,27261,27,24,3
4/14/2022,30-39,120856,107717,13139,27317,109,90,19
4/14/2022,40-49,102880,92361,10519,23772,240,196,44
4/14/2022,50-59,101901,91822,10079,19620,723,612,111
4/14/2022,60-69,67042,60984,6058,15217,1574,1350,224
4/14/2022,70-79,33108,30293,2815,12261,2426,2034,392
4/14/2022,80 and older,26139,23288,2851,15828,5704,4541,1163
4/15/2022,0-9,67795,62324,5471,18009,2,2,0
4/15/2022,19-Oct,96883,86442,10441,21381,4,4,0
4/15/2022,20-29,127021,111426,15595,27294,27,24,3
4/15/2022,30-39,121032,107864,13168,27356,109,90,19
4/15/2022,40-49,103026,92487,10539,23806,240,196,44
4/15/2022,50-59,102078,91974,10104,19654,725,614,111
4/15/2022,60-69,67200,61124,6076,15253,1574,1350,224
4/15/2022,70-79,33215,30384,2831,12301,2427,2034,393
4/15/2022,80 and older,26187,23325,2862,15857,5705,4542,1163
4/18/2022,0-9,67948,62466,5482,18050,2,2,0
4/18/2022,19-Oct,97061,86593,10468,21420,4,4,0
4/18/2022,20-29,127284,111647,15637,27350,27,24,3
4/18/2022,30-39,121351,108157,13194,27428,109,90,19
4/18/2022,40-49,103270,92693,10577,23862,240,196,44
4/18/2022,50-59,102365,92210,10155,19709,725,614,111
4/18/2022,60-69,67486,61359,6127,15318,1574,1350,224
4/18/2022,70-79,33373,30520,2853,12359,2427,2034,393
4/18/2022,80 and older,26259,23380,2879,15901,5705,4542,1163
4/19/2022,0-9,68065,62576,5489,18081,2,2,0
4/19/2022,19-Oct,97176,86707,10469,21445,4,4,0
4/19/2022,20-29,127421,111769,15652,27380,27,24,3
4/19/2022,30-39,121517,108309,13208,27466,109,90,19
4/19/2022,40-49,103410,92819,10591,23894,240,196,44
4/19/2022,50-59,102530,92368,10162,19741,724,613,111
4/19/2022,60-69,67649,61510,6139,15355,1574,1350,224
4/19/2022,70-79,33472,30599,2873,12396,2428,2034,394
4/19/2022,80 and older,26320,23434,2886,15938,5705,4542,1163
4/20/2022,0-9,68152,62660,5492,18104,2,2,0
4/20/2022,19-Oct,97258,86782,10476,21463,4,4,0
4/20/2022,20-29,127570,111892,15678,27412,27,24,3
4/20/2022,30-39,121642,108422,13220,27494,109,90,19
4/20/2022,40-49,103554,92942,10612,23928,240,196,44
4/20/2022,50-59,102669,92488,10181,19768,725,614,111
4/20/2022,60-69,67787,61631,6156,15386,1576,1351,225
4/20/2022,70-79,33577,30690,2887,12435,2430,2036,394
4/20/2022,80 and older,26361,23465,2896,15963,5712,4549,1163
4/21/2022,0-9,68196,62704,5492,18116,2,2,0
4/21/2022,19-Oct,97318,86831,10487,21477,4,4,0
4/21/2022,20-29,127686,111998,15688,27436,27,24,3
4/21/2022,30-39,121790,108551,13239,27528,109,90,19
4/21/2022,40-49,103667,93047,10620,23954,240,196,44
4/21/2022,50-59,102826,92632,10194,19798,725,614,111
4/21/2022,60-69,67894,61728,6166,15410,1576,1351,225
4/21/2022,70-79,33653,30757,2896,12463,2430,2036,394
4/21/2022,80 and older,26417,23512,2905,15997,5713,4550,1163
4/22/2022,0-9,68287,62787,5500,18140,2,2,0
4/22/2022,19-Oct,97395,86896,10499,21494,4,4,0
4/22/2022,20-29,127839,112136,15703,27469,27,24,3
4/22/2022,30-39,121960,108701,13259,27566,109,90,19
4/22/2022,40-49,103829,93191,10638,23991,240,196,44
4/22/2022,50-59,103013,92796,10217,19834,725,614,111
4/22/2022,60-69,68060,61871,6189,15448,1579,1353,226
4/22/2022,70-79,33742,30837,2905,12496,2433,2038,395
4/22/2022,80 and older,26473,23564,2909,16031,5715,4551,1164
6/16/2022,40-49,112906,101435,11471,26089,244,201,43
6/16/2022,50-59,113061,101813,11248,21769,733,621,112
6/16/2022,60-69,76971,69732,7239,17471,1606,1373,233
6/16/2022,70-79,38713,35140,3573,14337,2486,2084,402
6/16/2022,80 and older,29391,25958,3433,17798,5796,4603,1193
4/25/2022,0-9,68482,62970,5512,18192,2,2,0
4/25/2022,19-Oct,97543,87020,10523,21526,4,4,0
4/25/2022,20-29,128111,112379,15732,27528,27,24,3
4/25/2022,30-39,122251,108969,13282,27632,109,90,19
4/25/2022,40-49,104124,93465,10659,24059,240,196,44
4/25/2022,50-59,103295,93057,10238,19888,725,614,111
4/25/2022,60-69,68350,62126,6224,15514,1579,1353,226
4/25/2022,70-79,33901,30981,2920,12555,2433,2038,395
4/25/2022,80 and older,26567,23654,2913,16087,5715,4551,1164
4/26/2022,0-9,68585,63062,5523,18219,2,2,0
4/26/2022,19-Oct,97656,87122,10534,21551,4,4,0
4/26/2022,20-29,128239,112478,15761,27555,27,24,3
4/26/2022,30-39,122401,109094,13307,27666,109,90,19
4/26/2022,40-49,104275,93597,10678,24094,240,196,44
4/26/2022,50-59,103436,93178,10258,19915,724,613,111
4/26/2022,60-69,68500,62263,6237,15548,1579,1354,225
4/26/2022,70-79,33983,31056,2927,12585,2433,2038,395
4/26/2022,80 and older,26636,23711,2925,16129,5720,4554,1166
4/27/2022,0-9,68685,63150,5535,18246,2,2,0
4/27/2022,19-Oct,97744,87197,10547,21571,4,4,0
4/27/2022,20-29,128373,112600,15773,27584,27,24,3
4/27/2022,30-39,122557,109235,13322,27701,109,90,19
4/27/2022,40-49,104413,93721,10692,24126,240,196,44
4/27/2022,50-59,103584,93301,10283,19944,724,613,111
4/27/2022,60-69,68621,62357,6264,15575,1579,1354,225
4/27/2022,70-79,34061,31122,2939,12614,2433,2038,395
4/27/2022,80 and older,26719,23774,2945,16180,5720,4554,1166
4/28/2022,0-9,68798,63255,5543,18276,2,2,0
4/28/2022,19-Oct,97843,87289,10554,21593,4,4,0
4/28/2022,20-29,128537,112747,15790,27619,27,24,3
4/28/2022,30-39,122760,109429,13331,27747,109,90,19
4/28/2022,40-49,104595,93896,10699,24168,240,196,44
4/28/2022,50-59,103761,93452,10309,19978,724,613,111
4/28/2022,60-69,68793,62514,6279,15615,1579,1354,225
4/28/2022,70-79,34154,31201,2953,12649,2433,2038,395
4/28/2022,80 and older,26772,23817,2955,16212,5722,4555,1167
4/29/2022,0-9,68874,63328,5546,18296,2,2,0
4/29/2022,19-Oct,97914,87356,10558,21608,4,4,0
4/29/2022,20-29,128701,112892,15809,27655,27,24,3
4/29/2022,30-39,122914,109573,13341,27782,109,90,19
4/29/2022,40-49,104742,94031,10711,24202,240,196,44
4/29/2022,50-59,103931,93610,10321,20011,726,615,111
4/29/2022,60-69,68948,62660,6288,15650,1581,1356,225
4/29/2022,70-79,34227,31269,2958,12676,2434,2039,395
4/29/2022,80 and older,26816,23846,2970,16238,5727,4556,1171
5/2/2022,0-9,69068,63517,5551,18347,2,2,0
5/2/2022,19-Oct,98105,87530,10575,21650,4,4,0
5/2/2022,20-29,128983,113128,15855,27715,27,24,3
5/2/2022,30-39,123199,109851,13348,27846,109,90,19
5/2/2022,40-49,105025,94303,10722,24268,240,196,44
5/2/2022,50-59,104238,93905,10333,20070,726,615,111
5/2/2022,60-69,69249,62943,6306,15718,1582,1357,225
5/2/2022,70-79,34377,31409,2968,12731,2433,2038,395
5/2/2022,80 and older,26913,23936,2977,16297,5728,4557,1171
5/3/2022,0-9,69251,63691,5560,18396,2,2,0
5/3/2022,19-Oct,98272,87674,10598,21687,4,4,0
5/3/2022,20-29,129188,113306,15882,27759,27,24,3
5/3/2022,30-39,123467,110077,13390,27907,109,90,19
5/3/2022,40-49,105242,94494,10748,24318,240,196,44
5/3/2022,50-59,104486,94120,10366,20118,727,616,111
5/3/2022,60-69,69475,63130,6345,15769,1584,1358,226
5/3/2022,70-79,34514,31523,2991,12782,2433,2038,395
5/3/2022,80 and older,26989,23996,2993,16343,5729,4557,1172
5/4/2022,0-9,69340,63772,5568,18420,2,2,0
5/4/2022,19-Oct,98383,87764,10619,21712,4,4,0
5/4/2022,20-29,129318,113403,15915,27787,27,24,3
5/4/2022,30-39,123609,110197,13412,27939,109,90,19
5/4/2022,40-49,105382,94613,10769,24350,240,196,44
5/4/2022,50-59,104638,94261,10377,20147,727,616,111
5/4/2022,60-69,69616,63248,6368,15801,1584,1358,226
5/4/2022,70-79,34606,31590,3016,12816,2435,2040,395
5/4/2022,80 and older,27044,24038,3006,16376,5730,4558,1172
6/17/2022,0-9,74462,68582,5880,19588,6,5,1
6/17/2022,19-Oct,103893,92730,11163,22948,4,4,0
6/17/2022,20-29,137090,120369,16721,28973,28,25,3
6/17/2022,30-39,132665,118472,14193,29443,112,93,19
6/17/2022,40-49,113012,101525,11487,26218,244,201,43
6/17/2022,50-59,113206,101922,11284,21964,733,621,112
6/17/2022,60-69,77088,69817,7271,17003,1606,1373,233
6/17/2022,70-79,38796,35198,3598,13752,2486,2084,402
6/17/2022,80 and older,29435,25996,3439,38752,5796,4603,1193
6/20/2022,0-9,74579,68693,5886,19618,6,5,1
6/20/2022,19-Oct,103993,92823,11170,22971,4,4,0
6/20/2022,20-29,137267,120540,16727,29010,28,25,3
6/20/2022,30-39,132892,118691,14201,29494,112,93,19
6/20/2022,40-49,113189,101693,11496,26259,244,201,43
6/20/2022,50-59,113417,102112,11305,22005,733,621,112
6/20/2022,60-69,77332,70037,7295,17056,1606,1373,233
6/20/2022,70-79,38927,35324,3603,13799,2486,2084,402
6/20/2022,80 and older,29500,26055,3445,38838,5796,4603,1193
6/21/2022,0-9,74620,68726,5894,19629,7,6,1
6/21/2022,19-Oct,104029,92851,11178,22978,4,4,0
6/21/2022,20-29,137324,120584,16740,29022,28,25,3
6/21/2022,30-39,132971,118752,14219,29511,112,93,19
6/21/2022,40-49,113268,101754,11514,26278,245,202,43
6/21/2022,50-59,113514,102178,11336,22023,734,622,112
6/21/2022,60-69,77414,70092,7322,17074,1608,1375,233
6/21/2022,70-79,38993,35370,3623,13822,2488,2085,403
6/21/2022,80 and older,29542,26084,3458,38893,5806,4611,1195
6/22/2022,0-9,74674,68775,5899,19643,7,6,1
6/22/2022,19-Oct,104073,92888,11185,22988,4,4,0
6/22/2022,20-29,137414,120654,16760,29041,28,25,3
6/22/2022,30-39,133077,118834,14243,29535,112,93,19
6/22/2022,40-49,113373,101845,11528,26302,245,202,43
6/22/2022,50-59,113635,102277,11358,22047,734,622,112
6/22/2022,60-69,77524,70187,7337,17099,1608,1375,233
6/22/2022,70-79,39059,35432,3627,13845,2488,2085,403
6/22/2022,80 and older,29574,26110,3464,38935,5807,4612,1195
6/23/2022,0-9,74724,68817,5907,19657,7,6,1
6/23/2022,19-Oct,104113,92921,11192,22997,4,4,0
6/23/2022,20-29,137520,120740,16780,29064,28,25,3
6/23/2022,30-39,133173,118928,14245,29556,112,93,19
6/23/2022,40-49,113473,101930,11543,26325,245,202,43
6/23/2022,50-59,113739,102367,11372,22067,734,622,112
6/23/2022,60-69,77613,70258,7355,17118,1608,1375,233
6/23/2022,70-79,39113,35477,3636,13865,2488,2085,403
6/23/2022,80 and older,29605,26134,3471,38976,5808,4613,1195
6/24/2022,0-9,74782,68874,5908,19672,7,6,1
6/24/2022,19-Oct,104154,92959,11195,23006,4,4,0
6/24/2022,20-29,137619,120827,16792,29085,28,25,3
6/24/2022,30-39,133336,119066,14270,29592,112,93,19
6/24/2022,40-49,113567,102011,11556,26347,245,202,43
6/24/2022,50-59,113845,102463,11382,22088,734,622,112
6/24/2022,60-69,77724,70356,7368,17143,1608,1375,233
6/24/2022,70-79,39182,35537,3645,13889,2488,2085,403
6/24/2022,80 and older,29644,26166,3478,39027,5808,4613,1195
5/5/2022,0-9,69509,63931,5578,18464,2,2,0
5/5/2022,19-Oct,98496,87869,10627,21737,4,4,0
5/5/2022,20-29,129499,113564,15935,27826,27,24,3
5/5/2022,30-39,123831,110407,13424,27989,109,90,19
5/5/2022,40-49,105558,94778,10780,24391,240,196,44
5/5/2022,50-59,104839,94449,10390,20185,727,616,111
5/5/2022,60-69,69818,63438,6380,15847,1584,1358,226
5/5/2022,70-79,34694,31669,3025,12849,2435,2040,395
5/5/2022,80 and older,27111,24089,3022,16417,5730,4558,1172
5/6/2022,0-9,69595,64018,5577,18487,2,2,0
5/6/2022,19-Oct,98606,87982,10624,21761,4,4,0
5/6/2022,20-29,129759,113831,15928,27882,27,24,3
5/6/2022,30-39,124112,110698,13414,28053,109,90,19
5/6/2022,40-49,105802,95026,10776,24447,241,197,44
5/6/2022,50-59,105076,94690,10386,20231,728,617,111
5/6/2022,60-69,70049,63675,6374,15900,1586,1359,227
5/6/2022,70-79,34800,31775,3025,12888,2441,2045,396
5/6/2022,80 and older,27159,24134,3025,16446,5736,4564,1172
5/9/2022,0-9,70073,64479,5594,18614,2,2,0
5/9/2022,19-Oct,99036,88383,10653,21856,4,4,0
5/9/2022,20-29,130366,114396,15970,28012,27,24,3
5/9/2022,30-39,124835,111401,13434,28216,109,90,19
5/9/2022,40-49,106411,95603,10808,24588,241,197,44
5/9/2022,50-59,105701,95277,10424,20351,728,617,111
5/9/2022,60-69,70605,64208,6397,16026,1586,1359,227
5/9/2022,70-79,35162,32105,3057,13022,2441,2045,396
5/9/2022,80 and older,27354,24297,3057,16564,5737,4564,1173
5/10/2022,0-9,70241,64633,5608,18659,2,2,0
5/10/2022,19-Oct,99226,88541,10685,21898,4,4,0
5/10/2022,20-29,130592,114591,16001,28061,27,24,3
5/10/2022,30-39,125121,111657,13464,28281,109,90,19
5/10/2022,40-49,106689,95845,10844,24652,241,197,44
5/10/2022,50-59,105996,95537,10459,20408,728,617,111
5/10/2022,60-69,70871,64446,6425,16086,1587,1359,228
5/10/2022,70-79,35315,32238,3077,13079,2444,2047,397
5/10/2022,80 and older,27440,24368,3072,16616,5741,4566,1175
5/11/2022,0-9,70534,64919,5615,18737,2,2,0
5/11/2022,19-Oct,99491,88788,10703,21956,4,4,0
5/11/2022,20-29,130872,114856,16016,28121,27,24,3
5/11/2022,30-39,125461,111981,13480,28357,109,90,19
5/11/2022,40-49,107001,96144,10857,24724,241,197,44
5/11/2022,50-59,106319,95856,10463,20470,728,617,111
5/11/2022,60-69,71158,64721,6437,16151,1587,1359,228
5/11/2022,70-79,35502,32416,3086,13148,2444,2047,397
5/11/2022,80 and older,27545,24465,3080,16680,5741,4566,1175
5/7/2020,70-79,3216,,,1234,630,,
5/17/2020,0-9,376,,,99,1,,
5/17/2020,19-Oct,900,,,196,1,,
5/17/2020,20-29,4247,,,911,4,,
5/17/2020,30-39,5297,,,1203,20,,
5/17/2020,40-49,5427,,,1232,53,,
5/17/2020,50-59,6690,,,1264,140,,
5/17/2020,60-69,5620,,,1299,435,,
5/17/2020,70-79,3742,,,1436,745,,
4/21/2020,19-Oct,386,,,84,2,,
4/21/2020,20-29,2074,,,445,3,,
4/21/2020,30-39,2805,,,637,14,,
4/21/2020,40-49,3121,,,709,28,,
10/5/2020,0-9,1303,1264,39,344,1,1,0
10/5/2020,19-Oct,3292,3148,144,716,1,1,0
10/5/2020,20-29,8651,8334,317,1856,4,4,0
10/5/2020,30-39,8727,8485,242,1982,21,21,0
10/5/2020,40-49,8169,7931,238,1855,60,48,12
10/5/2020,50-59,9475,9189,286,1790,186,155,31
10/5/2020,60-69,7458,7236,222,1724,559,475,84
10/5/2020,70-79,4854,4609,245,1862,985,814,171
10/5/2020,80 and older,7285,6614,671,4438,2704,2104,600
10/6/2020,0-9,1305,1266,39,344,1,1,0
10/6/2020,19-Oct,3319,3176,143,722,1,1,0
10/6/2020,20-29,8708,8390,318,1869,4,4,0
10/6/2020,30-39,8729,8492,237,1982,21,21,0
10/6/2020,40-49,8200,7960,240,1862,60,48,12
10/6/2020,50-59,9500,9216,284,1794,189,157,32
10/6/2020,60-69,7449,7227,222,1722,558,474,84
10/6/2020,70-79,4864,4618,246,1866,985,815,170
10/6/2020,80 and older,7263,6594,669,4424,2703,2103,600
10/7/2020,0-9,1322,1284,38,349,1,1,0
10/7/2020,19-Oct,3376,3231,145,734,1,1,0
10/7/2020,20-29,8787,8468,319,1885,4,4,0
10/7/2020,30-39,8793,8551,242,1997,21,21,0
10/7/2020,40-49,8261,8019,242,1876,60,48,12
10/7/2020,50-59,9553,9269,284,1804,189,157,32
10/7/2020,60-69,7479,7255,224,1729,558,474,84
10/7/2020,70-79,4876,4631,245,1871,988,818,170
10/7/2020,80 and older,7273,6604,669,4430,2705,2105,600
10/8/2020,0-9,1337,1298,39,353,1,1,0
10/8/2020,19-Oct,3418,3269,149,743,1,1,0
10/8/2020,20-29,8844,8522,322,1898,4,4,0
10/8/2020,30-39,8839,8591,248,2007,21,21,0
10/8/2020,40-49,8300,8052,248,1884,60,48,12
10/8/2020,50-59,9592,9307,285,1812,189,157,32
10/8/2020,60-69,7497,7272,225,1733,558,474,84
10/8/2020,70-79,4893,4648,245,1877,988,818,170
10/8/2020,80 and older,7291,6620,671,4441,2708,2107,601
10/11/2020,0-9,1410,1372,38,372,1,1,0
10/11/2020,19-Oct,3585,3432,153,780,1,1,0
10/11/2020,20-29,9198,8860,338,1974,4,4,0
10/11/2020,30-39,9041,8796,245,2053,21,21,0
10/11/2020,40-49,8467,8224,243,1922,60,48,12
10/11/2020,50-59,9756,9469,287,1843,189,157,32
10/11/2020,60-69,7606,7380,226,1758,558,474,84
10/11/2020,70-79,4942,4696,246,1896,989,819,170
10/11/2020,80 and older,7342,6672,670,4472,2709,2108,601
10/12/2020,0-9,1429,1391,38,377,1,1,0
10/12/2020,19-Oct,3618,3464,154,787,1,1,0
10/12/2020,20-29,9268,8930,338,1989,4,4,0
10/12/2020,30-39,9089,8844,245,2064,21,21,0
10/12/2020,40-49,8517,8273,244,1934,60,48,12
10/12/2020,50-59,9805,9518,287,1852,189,157,32
10/12/2020,60-69,7632,7404,228,1764,558,474,84
10/12/2020,70-79,4958,4712,246,1902,989,819,170
10/12/2020,80 and older,7350,6679,671,4477,2710,2109,601
10/13/2020,0-9,1432,1393,39,378,1,1,0
10/13/2020,19-Oct,3631,3475,156,790,1,1,0
10/13/2020,20-29,9297,8958,339,1995,4,4,0
10/13/2020,30-39,9117,8868,249,2070,21,21,0
10/13/2020,40-49,8535,8289,246,1938,60,48,12
10/13/2020,50-59,9835,9545,290,1858,189,157,32
10/13/2020,60-69,7655,7424,231,1769,560,476,84
10/13/2020,70-79,4969,4722,247,1906,991,820,171
10/13/2020,80 and older,7359,6688,671,4483,2710,2109,601
10/14/2020,0-9,1441,1402,39,380,1,1,0
10/14/2020,19-Oct,3655,3497,158,795,1,1,0
10/14/2020,20-29,9329,8983,346,2002,4,4,0
10/14/2020,30-39,9147,8889,258,2077,21,21,0
10/14/2020,40-49,8555,8304,251,1942,60,48,12
10/14/2020,50-59,9850,9558,292,1860,189,157,32
10/14/2020,60-69,7666,7435,231,1772,560,476,84
10/14/2020,70-79,4977,4727,250,1910,992,821,171
10/14/2020,80 and older,7377,6706,671,4494,2712,2111,601
1/26/2021,80 and older,14665,13396,1269,8933,4075,3237,838
1/31/2021,0-9,13248,12749,499,3494,1,1,0
1/31/2021,19-Oct,26423,24773,1650,5747,3,3,0
1/31/2021,20-29,43345,40214,3131,9301,6,6,0
1/31/2021,30-39,39056,36546,2510,8869,33,32,1
1/31/2021,40-49,35611,33542,2069,8085,102,82,20
1/31/2021,50-59,39306,37178,2128,7424,343,288,55
1/31/2021,60-69,27156,25841,1315,6277,896,766,130
1/31/2021,70-79,14833,14032,801,5691,1584,1325,259
1/31/2021,80 and older,14913,13620,1293,9084,4151,3303,848
2/1/2021,0-9,13498,12990,508,3560,2,2,0
2/1/2021,19-Oct,26751,25086,1665,5818,3,3,0
2/1/2021,20-29,43773,40612,3161,9393,7,7,0
2/1/2021,30-39,39396,36854,2542,8947,33,32,1
2/1/2021,40-49,35957,33848,2109,8164,101,81,20
2/1/2021,50-59,39671,37519,2152,7493,342,287,55
2/1/2021,60-69,27442,26120,1322,6343,896,768,128
2/1/2021,70-79,14966,14158,808,5742,1588,1328,260
2/1/2021,80 and older,15005,13711,1294,9140,4161,3314,847
2/2/2021,0-9,13526,13018,508,3568,2,2,0
2/2/2021,19-Oct,26798,25127,1671,5828,3,3,0
2/2/2021,20-29,43866,40684,3182,9413,7,7,0
2/2/2021,30-39,39466,36914,2552,8963,33,32,1
2/2/2021,40-49,36010,33894,2116,8176,102,82,20
2/2/2021,50-59,39759,37592,2167,7510,344,289,55
2/2/2021,60-69,27487,26162,1325,6353,898,770,128
2/2/2021,70-79,14998,14191,807,5754,1596,1334,262
2/2/2021,80 and older,15031,13731,1300,9156,4172,3320,852
2/3/2021,0-9,13581,13071,510,3582,2,2,0
2/3/2021,19-Oct,26899,25226,1673,5850,3,3,0
2/3/2021,20-29,44021,40837,3184,9446,7,7,0
2/3/2021,30-39,39608,37047,2561,8995,33,32,1
2/3/2021,40-49,36144,34027,2117,8206,102,82,20
2/3/2021,50-59,39907,37741,2166,7538,347,293,54
2/3/2021,60-69,27581,26259,1322,6375,904,776,128
2/3/2021,70-79,15041,14236,805,5771,1601,1341,260
2/3/2021,80 and older,15075,13769,1306,9183,4186,3336,850
2/4/2021,0-9,13690,13176,514,3611,2,2,0
2/4/2021,19-Oct,27065,25384,1681,5886,3,3,0
2/4/2021,20-29,44256,41040,3216,9496,7,7,0
2/4/2021,30-39,39838,37243,2595,9047,33,32,1
2/4/2021,40-49,36326,34190,2136,8248,103,84,19
2/4/2021,50-59,40147,37955,2192,7583,349,296,53
2/4/2021,60-69,27714,26391,1323,6406,903,774,129
2/4/2021,70-79,15120,14318,802,5801,1612,1350,262
2/4/2021,80 and older,15145,13838,1307,9225,4202,3347,855
2/7/2021,0-9,14046,13521,525,3705,2,2,0
2/7/2021,19-Oct,27644,25928,1716,6012,3,3,0
2/7/2021,20-29,45014,41726,3288,9659,7,7,0
2/7/2021,30-39,40459,37810,2649,9188,35,34,1
2/7/2021,40-49,36891,34727,2164,8376,106,86,20
2/7/2021,50-59,40795,38561,2234,7705,354,301,53
2/7/2021,60-69,28172,26819,1353,6511,915,785,130
2/7/2021,70-79,15356,14553,803,5892,1625,1366,259
2/7/2021,80 and older,15278,13976,1302,9306,4235,3382,853
2/8/2021,0-9,14117,13589,528,3723,2,2,0
5/28/2020,60-69,6096,,,1409,490,,
2/8/2021,19-Oct,27758,26029,1729,6037,3,3,0
2/8/2021,20-29,45149,41845,3304,9688,8,8,0
2/8/2021,30-39,40598,37938,2660,9220,35,34,1
2/8/2021,40-49,37013,34841,2172,8404,107,87,20
2/8/2021,50-59,40937,38696,2241,7732,355,302,53
2/8/2021,60-69,28254,26900,1354,6530,917,787,130
10/15/2020,0-9,1478,1439,39,390,1,1,0
10/15/2020,19-Oct,3739,3578,161,813,1,1,0
10/15/2020,20-29,9485,9136,349,2035,4,4,0
10/15/2020,30-39,9292,9031,261,2110,21,21,0
10/15/2020,40-49,8681,8430,251,1971,60,48,12
10/15/2020,50-59,9961,9665,296,1881,189,157,32
10/15/2020,60-69,7749,7515,234,1791,560,476,84
10/15/2020,70-79,5004,4754,250,1920,992,821,171
10/15/2020,80 and older,7411,6739,672,4514,2714,2112,602
10/18/2020,0-9,1537,1495,42,405,1,1,0
10/18/2020,19-Oct,3895,3728,167,847,1,1,0
10/18/2020,20-29,9752,9391,361,2093,4,4,0
10/18/2020,30-39,9492,9215,277,2156,21,21,0
10/18/2020,40-49,8830,8573,257,2005,60,48,12
10/18/2020,50-59,10129,9819,310,1913,189,157,32
10/18/2020,60-69,7856,7622,234,1816,563,479,84
10/18/2020,70-79,5049,4798,251,1937,996,825,171
10/18/2020,80 and older,7451,6778,673,4539,2719,2116,603
10/19/2020,0-9,1559,1517,42,411,1,1,0
10/19/2020,19-Oct,3935,3768,167,856,1,1,0
10/19/2020,20-29,9835,9468,367,2110,4,4,0
10/19/2020,30-39,9557,9283,274,2170,21,21,0
10/19/2020,40-49,8893,8631,262,2019,59,47,12
10/19/2020,50-59,10194,9883,311,1925,190,158,32
10/19/2020,60-69,7906,7669,237,1827,563,479,84
10/19/2020,70-79,5076,4827,249,1948,999,828,171
10/19/2020,80 and older,7470,6795,675,4550,2721,2119,602
10/20/2020,0-9,1582,1539,43,417,1,1,0
10/20/2020,19-Oct,3977,3808,169,865,1,1,0
10/20/2020,20-29,9920,9554,366,2129,4,4,0
10/20/2020,30-39,9642,9361,281,2190,21,21,0
10/20/2020,40-49,8959,8690,269,2034,60,48,12
10/20/2020,50-59,10246,9936,310,1935,191,159,32
10/20/2020,60-69,7936,7697,239,1834,563,479,84
10/20/2020,70-79,5092,4842,250,1954,1000,829,171
10/20/2020,80 and older,7487,6812,675,4561,2726,2124,602
10/21/2020,0-9,1605,1558,47,423,1,1,0
10/21/2020,19-Oct,4043,3883,160,879,1,1,0
10/21/2020,20-29,10035,9667,368,2153,4,4,0
10/21/2020,30-39,9722,9437,285,2208,21,21,0
10/21/2020,40-49,9024,8748,276,2049,60,48,12
10/21/2020,50-59,10317,9999,318,1949,191,159,32
10/21/2020,60-69,7984,7742,242,1845,563,479,84
10/21/2020,70-79,5112,4859,253,1961,1002,830,172
10/21/2020,80 and older,7506,6831,675,4572,2726,2124,602
10/22/2020,0-9,1647,1600,47,434,1,1,0
10/22/2020,19-Oct,4115,3953,162,895,1,1,0
10/22/2020,20-29,10186,9804,382,2186,4,4,0
10/22/2020,30-39,9860,9560,300,2239,21,21,0
10/22/2020,40-49,9114,8832,282,2069,60,48,12
10/22/2020,50-59,10412,10090,322,1967,191,159,32
10/22/2020,60-69,8037,7794,243,1858,563,479,84
10/22/2020,70-79,5130,4876,254,1968,1003,831,172
10/22/2020,80 and older,7526,6848,678,4584,2733,2130,603
10/25/2020,0-9,1779,1725,54,469,1,1,0
10/25/2020,19-Oct,4345,4178,167,945,1,1,0
10/25/2020,20-29,10598,10221,377,2274,4,4,0
10/25/2020,30-39,10198,9903,295,2316,21,21,0
10/25/2020,40-49,9395,9117,278,2133,60,48,12
10/25/2020,50-59,10702,10378,324,2021,190,158,32
10/25/2020,60-69,8236,7993,243,1904,564,480,84
10/25/2020,70-79,5230,4977,253,2007,1005,833,172
5/28/2020,70-79,4055,,,1556,822,,
10/25/2020,80 and older,7591,6910,681,4624,2743,2137,606
10/26/2020,0-9,1801,1742,59,475,1,1,0
10/26/2020,19-Oct,4397,4225,172,956,1,1,0
10/26/2020,20-29,10712,10322,390,2299,4,4,0
10/26/2020,30-39,10300,9994,306,2339,21,21,0
10/26/2020,40-49,9465,9176,289,2149,60,48,12
10/26/2020,50-59,10779,10449,330,2036,191,159,32
10/26/2020,60-69,8296,8050,246,1917,565,481,84
10/26/2020,70-79,5255,5001,254,2016,1006,835,171
10/26/2020,80 and older,7607,6923,684,4634,2746,2137,609
1/27/2021,0-9,12853,12378,475,3390,1,1,0
1/27/2021,19-Oct,25706,24100,1606,5591,2,2,0
1/27/2021,20-29,42491,39425,3066,9117,6,6,0
1/27/2021,30-39,38296,35826,2470,8697,33,32,1
1/27/2021,40-49,34908,32885,2023,7926,100,80,20
1/27/2021,50-59,38497,36418,2079,7271,335,281,54
1/27/2021,60-69,26628,25334,1294,6155,881,750,131
1/27/2021,70-79,14593,13800,793,5599,1560,1305,255
1/27/2021,80 and older,14731,13456,1275,8973,4102,3261,841
1/28/2021,0-9,12955,12467,488,3417,1,1,0
1/28/2021,19-Oct,25879,24260,1619,5628,3,3,0
1/28/2021,20-29,42697,39609,3088,9162,6,6,0
1/28/2021,30-39,38467,35991,2476,8736,33,32,1
1/28/2021,40-49,35081,33046,2035,7965,100,80,20
1/28/2021,50-59,38717,36613,2104,7313,338,284,54
1/28/2021,60-69,26752,25449,1303,6183,882,751,131
1/28/2021,70-79,14647,13855,792,5620,1569,1314,255
1/28/2021,80 and older,14766,13485,1281,8995,4114,3270,844
2/8/2021,70-79,15393,14590,803,5906,1628,1368,260
2/8/2021,80 and older,15311,14005,1306,9327,4243,3388,855
3/18/2021,20-29,50980,46514,4466,10939,9,9,0
3/18/2021,30-39,45586,42026,3560,10352,38,37,1
3/18/2021,40-49,41558,38631,2927,9436,123,101,22
3/18/2021,50-59,45578,42645,2933,8609,401,343,58
3/18/2021,60-69,31261,29520,1741,7225,1002,863,139
3/18/2021,70-79,16550,15623,927,6350,1749,1478,271
3/18/2021,80 and older,15940,14565,1375,9710,4504,3607,897
4/6/2021,50-59,48544,45161,3383,9347,412,349,63
4/6/2021,60-69,32757,30778,1979,7435,1017,875,142
4/6/2021,70-79,16980,16005,975,6288,1773,1499,274
4/6/2021,80 and older,16172,14751,1421,9793,4552,3643,909
4/13/2021,80 and older,16279,14851,1428,9858,4567,3658,909
4/14/2021,0-9,19165,18103,1062,5091,1,1,0
4/14/2021,19-Oct,37690,34530,3160,8318,4,4,0
4/14/2021,20-29,56961,51460,5501,12239,8,8,0
4/14/2021,30-39,50753,46344,4409,11471,39,37,2
4/14/2021,40-49,46005,42422,3583,10630,131,108,23
4/14/2021,50-59,49809,46277,3532,9590,415,354,61
4/14/2021,60-69,33328,31294,2034,7565,1036,890,146
4/14/2021,70-79,17164,16178,986,6357,1789,1514,275
4/14/2021,80 and older,16293,14865,1428,9866,4567,3658,909
4/15/2021,0-9,19263,18188,1075,5117,1,1,0
4/15/2021,19-Oct,37859,34668,3191,8355,4,4,0
4/15/2021,20-29,57177,51646,5531,12286,8,8,0
4/15/2021,30-39,50919,46486,4433,11509,39,37,2
4/15/2021,40-49,46166,42553,3613,10667,132,108,24
4/15/2021,50-59,49941,46385,3556,9616,415,354,61
4/15/2021,60-69,33382,31339,2043,7577,1038,892,146
4/15/2021,70-79,17185,16193,992,6364,1791,1516,275
4/15/2021,80 and older,16300,14869,1431,9870,4567,3658,909
4/18/2021,0-9,19493,18399,1094,5178,1,1,0
5/28/2020,19-Oct,1059,,,230,1,,
4/18/2021,19-Oct,38244,35009,3235,8440,4,4,0
4/18/2021,20-29,57678,52072,5606,12394,9,9,0
4/18/2021,30-39,51312,46826,4486,11598,39,37,2
4/11/2020,19-Oct,238,,,52,0,,
4/18/2021,40-49,46470,42820,3650,10738,133,109,24
4/18/2021,50-59,50234,46638,3596,9672,418,357,61
4/18/2021,60-69,33518,31453,2065,7608,1041,893,148
4/18/2021,70-79,17249,16247,1002,6388,1794,1517,277
4/18/2021,80 and older,16330,14898,1432,9889,4575,3664,911
4/19/2021,0-9,19576,18469,1107,5200,1,1,0
10/27/2020,0-9,1834,1774,60,484,1,1,0
10/27/2020,19-Oct,4442,4267,175,966,1,1,0
10/27/2020,20-29,10782,10386,396,2314,4,4,0
10/27/2020,30-39,10389,10072,317,2359,21,21,0
10/27/2020,40-49,9537,9243,294,2165,60,48,12
10/27/2020,50-59,10858,10522,336,2051,191,159,32
10/27/2020,60-69,8347,8099,248,1929,567,483,84
10/27/2020,70-79,5276,5021,255,2024,1009,838,171
10/27/2020,80 and older,7637,6954,683,4652,2750,2142,608
10/28/2020,0-9,1913,1817,96,505,1,1,0
10/28/2020,19-Oct,4610,4329,281,1003,1,1,0
10/28/2020,20-29,11098,10506,592,2381,4,4,0
10/28/2020,30-39,10624,10153,471,2413,22,22,0
10/28/2020,40-49,9736,9324,412,2211,60,48,12
10/28/2020,50-59,11039,10599,440,2085,191,159,32
10/28/2020,60-69,8422,8134,288,1947,568,484,84
10/28/2020,70-79,5317,5044,273,2040,1009,838,171
10/28/2020,80 and older,7662,6971,691,4667,2753,2145,608
10/29/2020,0-9,1944,1846,98,513,1,1,0
10/29/2020,19-Oct,4688,4393,295,1020,1,1,0
10/29/2020,20-29,11278,10652,626,2420,4,4,0
10/29/2020,30-39,10750,10246,504,2441,22,22,0
10/29/2020,40-49,9832,9409,423,2232,60,48,12
10/29/2020,50-59,11153,10688,465,2107,191,159,32
10/29/2020,60-69,8502,8201,301,1965,570,486,84
10/29/2020,70-79,5352,5076,276,2053,1010,839,171
10/29/2020,80 and older,7683,6989,694,4680,2757,2148,609
11/1/2020,0-9,2109,1984,125,556,1,1,0
11/1/2020,19-Oct,5012,4657,355,1090,1,1,0
11/1/2020,20-29,11810,11106,704,2534,4,4,0
11/1/2020,30-39,11254,10674,580,2556,23,23,0
11/1/2020,40-49,10205,9742,463,2317,60,48,12
11/1/2020,50-59,11504,11001,503,2173,191,159,32
11/1/2020,60-69,8708,8387,321,2013,573,488,85
11/1/2020,70-79,5480,5201,279,2103,1011,840,171
11/1/2020,80 and older,7752,7056,696,4722,2763,2154,609
11/2/2020,0-9,2173,2046,127,573,1,1,0
11/2/2020,19-Oct,5115,4751,364,1112,1,1,0
11/2/2020,20-29,12012,11292,720,2577,4,4,0
11/2/2020,30-39,11440,10852,588,2598,23,23,0
11/2/2020,40-49,10351,9879,472,2350,60,48,12
11/2/2020,50-59,11650,11134,516,2200,193,161,32
11/2/2020,60-69,8789,8462,327,2031,575,490,85
11/2/2020,70-79,5516,5235,281,2116,1012,841,171
11/2/2020,80 and older,7773,7077,696,4735,2766,2157,609
11/3/2020,0-9,2208,2078,130,582,1,1,0
11/3/2020,19-Oct,5176,4806,370,1126,1,1,0
11/3/2020,20-29,12115,11389,726,2600,4,4,0
11/3/2020,30-39,11535,10935,600,2620,23,23,0
11/3/2020,40-49,10422,9950,472,2366,60,48,12
11/3/2020,50-59,11732,11209,523,2216,193,161,32
11/3/2020,60-69,8831,8503,328,2041,578,493,85
11/3/2020,70-79,5546,5262,284,2128,1014,843,171
11/3/2020,80 and older,7784,7088,696,4742,2771,2162,609
11/4/2020,0-9,2288,2141,147,603,1,1,0
11/4/2020,19-Oct,5377,4950,427,1169,1,1,0
11/4/2020,20-29,12462,11604,858,2674,4,4,0
11/4/2020,30-39,11812,11100,712,2682,23,23,0
11/4/2020,40-49,10641,10078,563,2416,61,48,13
11/4/2020,50-59,11957,11351,606,2258,194,162,32
11/4/2020,60-69,8977,8579,398,2075,578,493,85
11/4/2020,70-79,5642,5306,336,2165,1016,844,172
11/4/2020,80 and older,7871,7134,737,4795,2778,2168,610
11/5/2020,0-9,2353,2202,151,621,1,1,0
11/5/2020,19-Oct,5509,5064,445,1198,1,1,0
11/5/2020,20-29,12677,11778,899,2720,4,4,0
11/5/2020,30-39,11979,11251,728,2720,23,23,0
11/5/2020,40-49,10801,10227,574,2452,61,48,13
11/5/2020,50-59,12125,11498,627,2290,195,162,33
11/5/2020,60-69,9054,8655,399,2093,580,495,85
11/5/2020,70-79,5692,5352,340,2184,1018,846,172
11/5/2020,80 and older,7901,7160,741,4813,2788,2177,611
2/9/2021,0-9,14186,13655,531,3742,2,2,0
2/9/2021,19-Oct,27853,26113,1740,6058,3,3,0
2/9/2021,20-29,45300,41962,3338,9720,8,8,0
2/9/2021,30-39,40710,38026,2684,9245,35,34,1
2/9/2021,40-49,37129,34939,2190,8430,108,88,20
2/9/2021,50-59,41085,38826,2259,7760,356,303,53
2/9/2021,60-69,28354,26993,1361,6553,918,788,130
2/9/2021,70-79,15438,14630,808,5923,1633,1371,262
2/9/2021,80 and older,15345,14031,1314,9347,4263,3402,861
2/10/2021,0-9,14251,13713,538,3759,2,2,0
2/10/2021,19-Oct,28004,26244,1760,6090,3,3,0
2/10/2021,20-29,45484,42125,3359,9760,8,8,0
2/10/2021,30-39,40847,38148,2699,9276,35,34,1
2/10/2021,40-49,37290,35074,2216,8467,108,88,20
2/10/2021,50-59,41236,38957,2279,7789,357,304,53
2/10/2021,60-69,28458,27088,1370,6577,921,791,130
2/10/2021,70-79,15475,14666,809,5937,1639,1377,262
2/10/2021,80 and older,15368,14057,1311,9361,4281,3418,863
2/11/2021,0-9,14315,13773,542,3776,2,2,0
2/11/2021,19-Oct,28117,26356,1761,6115,3,3,0
2/11/2021,20-29,45629,42261,3368,9791,8,8,0
2/11/2021,30-39,40984,38271,2713,9307,35,34,1
2/11/2021,40-49,37401,35180,2221,8492,107,87,20
2/11/2021,50-59,41355,39067,2288,7811,359,305,54
2/11/2021,60-69,28535,27158,1377,6595,922,792,130
2/11/2021,70-79,15517,14702,815,5954,1645,1383,262
2/11/2021,80 and older,15398,14088,1310,9380,4300,3435,865
2/14/2021,0-9,14541,13992,549,3835,2,2,0
2/14/2021,19-Oct,28520,26749,1771,6203,3,3,0
2/14/2021,20-29,46102,42696,3406,9892,8,8,0
2/14/2021,30-39,41472,38723,2749,9418,35,34,1
2/14/2021,40-49,37775,35529,2246,8577,107,87,20
2/14/2021,50-59,41769,39463,2306,7889,365,310,55
2/14/2021,60-69,28833,27447,1386,6664,933,802,131
2/14/2021,70-79,15677,14851,826,6015,1661,1398,263
2/14/2021,80 and older,15460,14139,1321,9417,4333,3461,872
2/15/2021,0-9,14584,14036,548,3847,2,2,0
2/15/2021,19-Oct,28605,26831,1774,6221,3,3,0
2/15/2021,20-29,46191,42776,3415,9911,8,8,0
2/15/2021,30-39,41569,38810,2759,9440,35,34,1
2/15/2021,40-49,37855,35606,2249,8595,107,87,20
2/15/2021,50-59,41851,39541,2310,7905,365,310,55
2/15/2021,60-69,28891,27498,1393,6678,933,802,131
2/15/2021,70-79,15707,14876,831,6026,1661,1398,263
2/15/2021,80 and older,15477,14154,1323,9428,4335,3462,873
2/16/2021,0-9,14602,14047,555,3851,2,2,0
2/16/2021,19-Oct,28681,26869,1812,6238,3,3,0
2/16/2021,20-29,46305,42832,3473,9936,9,9,0
2/16/2021,30-39,41656,38863,2793,9460,35,34,1
2/16/2021,40-49,37923,35652,2271,8610,109,89,20
2/16/2021,50-59,41932,39592,2340,7920,367,312,55
5/28/2020,20-29,4702,,,1009,4,,
2/16/2021,60-69,28936,27526,1410,6688,939,808,131
2/16/2021,70-79,15731,14897,834,6036,1670,1405,265
2/16/2021,80 and older,15499,14176,1323,9441,4342,3467,875
2/17/2021,0-9,14631,14068,563,3859,2,2,0
2/17/2021,19-Oct,28760,26937,1823,6255,3,3,0
2/17/2021,20-29,46393,42911,3482,9955,9,9,0
2/17/2021,30-39,41734,38925,2809,9478,35,34,1
2/17/2021,40-49,38010,35723,2287,8630,109,89,20
2/17/2021,50-59,41993,39640,2353,7932,369,314,55
11/8/2020,0-9,2526,2364,162,666,1,1,0
11/8/2020,19-Oct,5976,5488,488,1300,1,1,0
11/8/2020,20-29,13419,12428,991,2879,4,4,0
11/8/2020,30-39,12508,11727,781,2841,23,23,0
11/8/2020,40-49,11261,10658,603,2557,62,49,13
11/8/2020,50-59,12562,11913,649,2373,196,163,33
11/8/2020,60-69,9330,8910,420,2156,585,498,87
11/8/2020,70-79,5828,5480,348,2236,1025,852,173
11/8/2020,80 and older,8017,7268,749,4884,2800,2187,613
11/9/2020,0-9,2613,2449,164,689,1,1,0
11/9/2020,19-Oct,6146,5653,493,1337,1,1,0
11/9/2020,20-29,13749,12748,1001,2950,4,4,0
11/9/2020,30-39,12780,11986,794,2902,23,23,0
11/9/2020,40-49,11450,10845,605,2600,62,49,13
11/9/2020,50-59,12776,12108,668,2413,197,163,34
11/9/2020,60-69,9454,9023,431,2185,587,499,88
11/9/2020,70-79,5909,5557,352,2267,1025,852,173
11/9/2020,80 and older,8075,7319,756,4919,2807,2193,614
11/10/2020,0-9,2718,2549,169,717,1,1,0
11/10/2020,19-Oct,6357,5847,510,1383,1,1,0
11/10/2020,20-29,14142,13119,1023,3035,4,4,0
11/10/2020,30-39,13081,12263,818,2971,23,23,0
11/10/2020,40-49,11691,11068,623,2654,62,49,13
11/10/2020,50-59,13031,12333,698,2461,199,164,35
11/10/2020,60-69,9591,9151,440,2217,588,499,89
11/10/2020,70-79,5989,5635,354,2298,1028,855,173
11/10/2020,80 and older,8106,7348,758,4938,2810,2195,615
11/11/2020,0-9,2760,2581,179,728,1,1,0
11/11/2020,19-Oct,6523,5966,557,1419,1,1,0
11/11/2020,20-29,14391,13315,1076,3088,4,4,0
11/11/2020,30-39,13254,12390,864,3010,23,23,0
11/11/2020,40-49,11842,11176,666,2689,63,50,13
11/11/2020,50-59,13189,12451,738,2491,200,165,35
11/11/2020,60-69,9692,9235,457,2240,592,500,92
11/11/2020,70-79,6050,5686,364,2321,1028,854,174
11/11/2020,80 and older,8162,7396,766,4972,2814,2200,614
11/12/2020,0-9,2909,2726,183,767,1,1,0
11/12/2020,19-Oct,6881,6318,563,1497,1,1,0
11/12/2020,20-29,15016,13910,1106,3222,4,4,0
11/12/2020,30-39,13719,12826,893,3116,23,23,0
11/12/2020,40-49,12234,11555,679,2778,64,50,14
11/12/2020,50-59,13540,12788,752,2557,199,164,35
11/12/2020,60-69,9930,9469,461,2295,592,500,92
11/12/2020,70-79,6144,5775,369,2357,1034,860,174
11/12/2020,80 and older,8236,7467,769,5017,2819,2204,615
11/15/2020,0-9,3188,2995,193,841,1,1,0
11/15/2020,19-Oct,7540,6926,614,1640,1,1,0
11/15/2020,20-29,15859,14683,1176,3403,4,4,0
11/15/2020,30-39,14424,13487,937,3276,23,23,0
11/15/2020,40-49,12894,12191,703,2928,64,50,14
11/15/2020,50-59,14257,13468,789,2693,199,164,35
11/15/2020,60-69,10367,9881,486,2396,594,503,91
11/15/2020,70-79,6344,5963,381,2434,1037,863,174
11/15/2020,80 and older,8374,7602,772,5101,2836,2218,618
11/16/2020,0-9,3256,3056,200,859,1,1,0
11/16/2020,19-Oct,7756,7103,653,1687,1,1,0
11/16/2020,20-29,16199,14925,1274,3476,4,4,0
11/16/2020,30-39,14716,13729,987,3342,23,23,0
11/16/2020,40-49,13137,12374,763,2983,64,50,14
11/16/2020,50-59,14510,13673,837,2741,200,165,35
11/16/2020,60-69,10527,10016,511,2433,594,503,91
11/16/2020,70-79,6415,6026,389,2461,1041,867,174
11/16/2020,80 and older,8433,7654,779,5137,2843,2225,618
11/17/2020,0-9,3385,3183,202,893,1,1,0
11/17/2020,19-Oct,8013,7346,667,1743,1,1,0
11/17/2020,20-29,16605,15313,1292,3563,4,4,0
5/29/2020,40-49,5933,,,1347,52,,
11/17/2020,30-39,15014,14012,1002,3410,23,23,0
11/17/2020,40-49,13404,12635,769,3043,64,50,14
11/17/2020,50-59,14816,13967,849,2798,201,166,35
11/17/2020,60-69,10739,10215,524,2482,596,505,91
11/17/2020,70-79,6513,6117,396,2499,1043,869,174
11/17/2020,80 and older,8502,7720,782,5179,2851,2230,621
2/17/2021,60-69,28995,27581,1414,6702,941,809,132
2/17/2021,70-79,15758,14917,841,6046,1678,1412,266
2/17/2021,80 and older,15514,14188,1326,9450,4350,3473,877
3/21/2021,0-9,16786,16004,782,4427,2,1,1
3/21/2021,19-Oct,33024,30544,2480,7182,4,4,0
3/21/2021,20-29,51462,46935,4527,11042,9,9,0
3/21/2021,30-39,46046,42442,3604,10457,38,37,1
3/21/2021,40-49,41956,38989,2967,9526,123,101,22
3/21/2021,50-59,45973,43019,2954,8683,402,344,58
3/21/2021,60-69,31495,29730,1765,7279,1003,865,138
3/21/2021,70-79,16612,15680,932,6374,1751,1480,271
3/21/2021,80 and older,15960,14586,1374,9722,4509,3611,898
3/22/2021,0-9,16862,16075,787,4447,2,1,1
3/22/2021,19-Oct,33179,30671,2508,7216,4,4,0
3/22/2021,20-29,51610,47055,4555,11074,9,9,0
3/22/2021,30-39,46216,42580,3636,10495,38,37,1
3/22/2021,40-49,42096,39110,2986,9558,124,102,22
3/22/2021,50-59,46114,43138,2976,8710,402,344,58
3/22/2021,60-69,31587,29804,1783,7301,1003,865,138
3/22/2021,70-79,16635,15698,937,6382,1755,1482,273
3/22/2021,80 and older,15987,14590,1397,9738,4508,3610,898
3/23/2021,0-9,16963,16129,834,4506,2,1,1
3/23/2021,19-Oct,33384,30767,2617,7367,4,4,0
3/23/2021,20-29,51887,47166,4721,11149,9,9,0
3/23/2021,30-39,46444,42663,3781,10498,38,37,1
3/23/2021,40-49,42311,39189,3122,9777,124,102,22
3/23/2021,50-59,46308,43224,3084,8916,401,343,58
3/23/2021,60-69,31693,29852,1841,7194,1003,865,138
3/23/2021,70-79,16675,15721,954,6175,1756,1482,274
3/23/2021,80 and older,16013,14609,1404,9697,4515,3612,903
3/24/2021,0-9,17084,16254,830,4538,2,1,1
3/24/2021,19-Oct,33606,30978,2628,7416,4,4,0
3/24/2021,20-29,52160,47429,4731,11208,9,9,0
3/24/2021,30-39,46694,42907,3787,10554,38,37,1
3/24/2021,40-49,42513,39389,3124,9823,124,102,22
3/24/2021,50-59,46520,43442,3078,8957,401,343,58
3/24/2021,60-69,31796,29956,1840,7217,1006,867,139
3/24/2021,70-79,16702,15747,955,6185,1762,1486,276
3/24/2021,80 and older,16029,14621,1408,9706,4516,3613,903
3/25/2021,0-9,17216,16377,839,4573,2,1,1
3/25/2021,19-Oct,33890,31220,2670,7479,4,4,0
3/25/2021,20-29,52474,47684,4790,11275,9,9,0
3/25/2021,30-39,46943,43112,3831,10610,38,37,1
3/25/2021,40-49,42751,39590,3161,9878,124,101,23
3/25/2021,50-59,46742,43628,3114,9000,403,344,59
3/25/2021,60-69,31888,30035,1853,7238,1004,866,138
3/25/2021,70-79,16730,15774,956,6196,1764,1488,276
3/25/2021,80 and older,16046,14635,1411,9717,4517,3613,904
3/28/2021,0-9,17484,16626,858,4644,2,1,1
3/28/2021,19-Oct,34434,31722,2712,7599,4,4,0
5/28/2020,30-39,5829,,,1324,19,,
3/28/2021,20-29,53068,48200,4868,11403,9,9,0
3/28/2021,30-39,47495,43607,3888,10735,39,38,1
3/28/2021,40-49,43156,39978,3178,9972,124,101,23
3/28/2021,50-59,47170,44020,3150,9082,407,345,62
3/28/2021,60-69,32089,30216,1873,7284,1008,869,139
3/28/2021,70-79,16793,15839,954,6219,1767,1492,275
3/28/2021,80 and older,16079,14669,1410,9737,4523,3620,903
3/29/2021,0-9,17600,16733,867,4675,2,1,1
5/29/2020,50-59,7257,,,1371,157,,
11/18/2020,0-9,3526,3315,211,930,1,1,0
11/18/2020,19-Oct,8294,7590,704,1804,1,1,0
11/18/2020,20-29,17031,15697,1334,3654,4,4,0
11/18/2020,30-39,15384,14329,1055,3494,23,23,0
11/18/2020,40-49,13730,12921,809,3117,64,50,14
11/18/2020,50-59,15185,14309,876,2868,201,166,35
11/18/2020,60-69,10974,10421,553,2536,599,507,92
11/18/2020,70-79,6623,6212,411,2541,1047,870,177
11/18/2020,80 and older,8595,7808,787,5236,2865,2240,625
11/19/2020,0-9,3626,3410,216,956,1,1,0
11/19/2020,19-Oct,8590,7851,739,1868,1,1,0
11/19/2020,20-29,17437,16039,1398,3742,4,4,0
11/19/2020,30-39,15745,14624,1121,3576,23,23,0
11/19/2020,40-49,14019,13159,860,3183,65,51,14
11/19/2020,50-59,15490,14588,902,2926,202,167,35
11/19/2020,60-69,11159,10596,563,2579,599,508,91
11/19/2020,70-79,6700,6270,430,2571,1055,874,181
11/19/2020,80 and older,8662,7865,797,5276,2878,2249,629
11/22/2020,0-9,3955,3719,236,1043,1,1,0
11/22/2020,19-Oct,9266,8475,791,2015,1,1,0
11/22/2020,20-29,18413,16923,1490,3951,4,4,0
11/22/2020,30-39,16558,15377,1181,3760,23,23,0
11/22/2020,40-49,14749,13837,912,3349,67,53,14
11/22/2020,50-59,16293,15327,966,3077,202,167,35
11/22/2020,60-69,11665,11069,596,2696,609,516,93
11/22/2020,70-79,6941,6514,427,2663,1063,882,181
11/22/2020,80 and older,8858,8048,810,5396,2901,2268,633
11/23/2020,0-9,3972,3737,235,1048,1,1,0
11/23/2020,19-Oct,9321,8526,795,2027,1,1,0
11/23/2020,20-29,18502,17007,1495,3970,5,4,1
11/23/2020,30-39,16646,15459,1187,3780,23,23,0
11/23/2020,40-49,14834,13922,912,3368,67,53,14
11/23/2020,50-59,16385,15413,972,3095,203,168,35
11/23/2020,60-69,11714,11116,598,2707,611,518,93
11/23/2020,70-79,6971,6544,427,2675,1065,884,181
11/23/2020,80 and older,8891,8072,819,5416,2905,2270,635
11/24/2020,0-9,4099,3855,244,1081,1,1,0
11/24/2020,19-Oct,9566,8753,813,2080,1,1,0
11/24/2020,20-29,18805,17286,1519,4035,5,4,1
11/24/2020,30-39,16982,15779,1203,3857,24,24,0
11/24/2020,40-49,15078,14148,930,3423,68,54,14
11/24/2020,50-59,16652,15660,992,3145,205,170,35
11/24/2020,60-69,11904,11292,612,2751,616,522,94
11/24/2020,70-79,7053,6616,437,2706,1075,892,183
11/24/2020,80 and older,8967,8127,840,5462,2931,2289,642
11/26/2020,0-9,4294,4045,249,1133,1,1,0
11/26/2020,19-Oct,9941,9103,838,2162,1,1,0
11/26/2020,20-29,19444,17905,1539,4172,5,4,1
11/26/2020,30-39,17556,16315,1241,3987,24,24,0
11/26/2020,40-49,15584,14634,950,3538,68,54,14
11/26/2020,50-59,17176,16157,1019,3244,207,172,35
11/26/2020,60-69,12219,11598,621,2824,619,524,95
11/26/2020,70-79,7221,6766,455,2771,1086,900,186
11/26/2020,80 and older,9100,8246,854,5543,2950,2301,649
11/29/2020,0-9,4540,4288,252,1197,1,1,0
11/29/2020,19-Oct,10446,9622,824,2272,1,1,0
11/29/2020,20-29,20195,18678,1517,4333,5,4,1
11/29/2020,30-39,18244,17003,1241,4143,25,24,1
11/29/2020,40-49,16277,15312,965,3696,71,55,16
11/29/2020,50-59,17886,16860,1026,3378,213,178,35
11/29/2020,60-69,12768,12129,639,2951,628,529,99
11/29/2020,70-79,7492,7028,464,2875,1096,908,188
11/29/2020,80 and older,9397,8542,855,5724,2980,2325,655
11/30/2020,0-9,4625,4373,252,1220,1,1,0
11/30/2020,19-Oct,10616,9802,814,2309,1,1,0
11/30/2020,20-29,20410,18909,1501,4379,5,4,1
5/29/2020,60-69,6122,,,1415,492,,
11/30/2020,30-39,18475,17250,1225,4196,25,24,1
11/30/2020,40-49,16462,15508,954,3738,71,55,16
11/30/2020,50-59,18126,17116,1010,3424,216,182,34
11/30/2020,60-69,12930,12299,631,2989,629,532,97
11/30/2020,70-79,7599,7133,466,2916,1099,910,189
11/30/2020,80 and older,9461,8606,855,5763,2993,2336,657
2/18/2021,0-9,14728,14165,563,3885,2,2,0
2/18/2021,19-Oct,28934,27099,1835,6293,3,3,0
2/18/2021,20-29,46612,43117,3495,10002,9,9,0
2/18/2021,30-39,41904,39095,2809,9516,36,35,1
2/18/2021,40-49,38172,35883,2289,8667,109,89,20
2/18/2021,50-59,42176,39819,2357,7966,369,314,55
2/18/2021,60-69,29124,27703,1421,6731,943,811,132
2/18/2021,70-79,15807,14965,842,6065,1680,1414,266
2/18/2021,80 and older,15542,14215,1327,9467,4372,3489,883
2/21/2021,0-9,14905,14340,565,3931,2,2,0
2/21/2021,19-Oct,29269,27423,1846,6366,3,3,0
2/21/2021,20-29,46977,43458,3519,10080,9,9,0
2/21/2021,30-39,42253,39425,2828,9595,36,35,1
2/21/2021,40-49,38496,36192,2304,8740,111,90,21
2/21/2021,50-59,42505,40139,2366,8028,373,318,55
2/21/2021,60-69,29318,27894,1424,6776,947,816,131
5/23/2020,70-79,3961,,,1520,800,,
2/21/2021,70-79,15902,15065,837,6101,1691,1424,267
2/21/2021,80 and older,15593,14265,1328,9498,4390,3505,885
4/6/2020,30-39,1062,,,241,1,,
2/22/2021,0-9,14966,14366,600,3947,2,2,0
2/22/2021,19-Oct,29447,27506,1941,6404,3,3,0
2/22/2021,20-29,47238,43549,3689,10136,9,9,0
2/22/2021,30-39,42468,39503,2965,9644,36,35,1
2/22/2021,40-49,38712,36279,2433,8789,112,91,21
2/22/2021,50-59,42716,40215,2501,8068,374,319,55
2/22/2021,60-69,29456,27961,1495,6808,949,817,132
2/22/2021,70-79,15952,15089,863,6120,1693,1426,267
2/22/2021,80 and older,15621,14286,1335,9515,4394,3509,885
2/23/2021,0-9,15035,14424,611,3966,2,2,0
2/23/2021,19-Oct,29651,27643,2008,6449,3,3,0
2/23/2021,20-29,47514,43671,3843,10195,9,9,0
2/23/2021,30-39,42746,39625,3121,9707,37,36,1
2/23/2021,40-49,38936,36384,2552,8840,112,91,21
2/23/2021,50-59,42918,40302,2616,8106,374,319,55
2/23/2021,60-69,29613,28031,1582,6844,951,819,132
2/23/2021,70-79,16008,15130,878,6142,1697,1430,267
2/23/2021,80 and older,15650,14306,1344,9533,4410,3521,889
2/24/2021,0-9,15104,14484,620,3984,2,2,0
2/24/2021,19-Oct,29777,27749,2028,6476,3,3,0
2/24/2021,20-29,47723,43836,3887,10240,9,9,0
2/24/2021,30-39,42881,39736,3145,9738,37,36,1
2/24/2021,40-49,39079,36506,2573,8873,112,91,21
2/24/2021,50-59,43058,40429,2629,8133,378,323,55
2/24/2021,60-69,29706,28111,1595,6866,957,824,133
2/24/2021,70-79,16040,15159,881,6154,1699,1432,267
2/24/2021,80 and older,15661,14313,1348,9540,4417,3528,889
2/25/2021,0-9,15162,14541,621,3999,2,2,0
2/25/2021,19-Oct,29870,27817,2053,6496,3,3,0
2/25/2021,20-29,47879,43955,3924,10274,9,9,0
2/25/2021,30-39,42995,39819,3176,9764,38,37,1
2/25/2021,40-49,39207,36605,2602,8902,114,93,21
2/25/2021,50-59,43175,40532,2643,8155,380,324,56
2/25/2021,60-69,29775,28165,1610,6882,956,823,133
2/25/2021,70-79,16085,15200,885,6171,1701,1434,267
2/25/2021,80 and older,15677,14325,1352,9550,4419,3529,890
2/28/2021,0-9,15369,14735,634,4054,1,1,0
2/28/2021,19-Oct,30311,28213,2098,6592,3,3,0
2/28/2021,20-29,48371,44383,3988,10379,9,9,0
2/28/2021,30-39,43360,40131,3229,9847,38,37,1
5/29/2020,70-79,4076,,,1564,837,,
12/1/2020,0-9,4765,4509,256,1257,1,1,0
12/1/2020,19-Oct,10950,10070,880,2381,1,1,0
12/1/2020,20-29,20900,19334,1566,4485,5,4,1
12/1/2020,30-39,18868,17617,1251,4285,25,24,1
12/1/2020,40-49,16855,15878,977,3827,72,56,16
12/1/2020,50-59,18499,17470,1029,3494,219,185,34
12/1/2020,60-69,13233,12597,636,3059,632,534,98
12/1/2020,70-79,7745,7275,470,2972,1108,919,189
12/1/2020,80 and older,9561,8689,872,5824,3028,2364,664
12/2/2020,0-9,5065,4804,261,1336,1,1,0
12/2/2020,19-Oct,11513,10633,880,2504,1,1,0
12/2/2020,20-29,21720,20141,1579,4661,5,4,1
12/2/2020,30-39,19590,18339,1251,4449,25,24,1
12/2/2020,40-49,17582,16617,965,3992,72,56,16
12/2/2020,50-59,19215,18177,1038,3629,220,185,35
12/2/2020,60-69,13732,13092,640,3174,635,538,97
12/2/2020,70-79,7996,7525,471,3068,1107,922,185
12/2/2020,80 and older,9706,8826,880,5912,3045,2381,664
12/3/2020,0-9,5141,4877,264,1356,2,2,0
12/3/2020,19-Oct,11682,10776,906,2541,1,1,0
12/3/2020,20-29,21970,20366,1604,4714,6,5,1
12/3/2020,30-39,19797,18517,1280,4496,25,24,1
12/3/2020,40-49,17787,16802,985,4038,73,57,16
12/3/2020,50-59,19467,18412,1055,3677,220,185,35
12/3/2020,60-69,13890,13241,649,3210,638,540,98
12/3/2020,70-79,8099,7618,481,3107,1119,934,185
12/3/2020,80 and older,9826,8939,887,5985,3062,2395,667
12/6/2020,0-9,5605,5337,268,1478,1,1,0
12/6/2020,19-Oct,12625,11694,931,2746,1,1,0
12/6/2020,20-29,23412,21739,1673,5024,6,5,1
12/6/2020,30-39,21026,19680,1346,4775,25,24,1
12/6/2020,40-49,18982,17954,1028,4310,74,58,16
12/6/2020,50-59,20736,19632,1104,3917,226,190,36
12/6/2020,60-69,14739,14068,671,3407,646,547,99
12/6/2020,70-79,8507,8007,500,3264,1135,949,186
12/6/2020,80 and older,10152,9261,891,6184,3110,2437,673
12/7/2020,0-9,5822,5540,282,1536,1,1,0
12/7/2020,19-Oct,13008,12051,957,2829,1,1,0
12/7/2020,20-29,23780,22060,1720,5103,6,5,1
12/7/2020,30-39,21340,19961,1379,4846,25,24,1
12/7/2020,40-49,19288,18234,1054,4379,74,58,16
12/7/2020,50-59,21107,19973,1134,3987,228,191,37
12/7/2020,60-69,14979,14299,680,3462,650,551,99
12/7/2020,70-79,8633,8129,504,3312,1140,954,186
12/7/2020,80 and older,10239,9341,898,6237,3117,2443,674
12/8/2020,0-9,5971,5689,282,1575,1,1,0
12/8/2020,19-Oct,13264,12305,959,2885,1,1,0
12/8/2020,20-29,24170,22456,1714,5186,6,5,1
12/8/2020,30-39,21687,20302,1385,4925,26,25,1
12/8/2020,40-49,19652,18594,1058,4462,76,60,16
12/8/2020,50-59,21447,20309,1138,4051,229,192,37
12/8/2020,60-69,15226,14543,683,3519,658,557,101
12/8/2020,70-79,8747,8236,511,3356,1149,963,186
12/8/2020,80 and older,10319,9408,911,6286,3139,2460,679
12/9/2020,0-9,6110,5819,291,1612,1,1,0
12/9/2020,19-Oct,13523,12559,964,2941,1,1,0
12/9/2020,20-29,24576,22863,1713,5273,6,5,1
12/9/2020,30-39,22082,20702,1380,5015,26,25,1
12/9/2020,40-49,20011,18950,1061,4543,77,61,16
12/9/2020,50-59,21833,20692,1141,4124,229,192,37
12/9/2020,60-69,15472,14783,689,3576,658,557,101
12/9/2020,70-79,8896,8380,516,3413,1157,971,186
12/9/2020,80 and older,10411,9495,916,6342,3172,2490,682
12/10/2020,0-9,6321,6021,300,1667,1,1,0
12/10/2020,19-Oct,13923,12924,999,3028,1,1,0
4/11/2020,20-29,1266,,,272,1,,
12/10/2020,20-29,25162,23386,1776,5399,6,5,1
12/10/2020,30-39,22647,21216,1431,5143,26,25,1
12/10/2020,40-49,20581,19476,1105,4673,77,61,16
12/10/2020,50-59,22434,21255,1179,4237,230,193,37
12/10/2020,60-69,15926,15221,705,3681,665,564,101
12/10/2020,70-79,9140,8604,536,3507,1168,975,193
12/10/2020,80 and older,10560,9643,917,6433,3189,2507,682
2/28/2021,40-49,39608,36953,2655,8993,115,94,21
2/28/2021,50-59,43571,40896,2675,8230,382,326,56
2/28/2021,60-69,30020,28395,1625,6939,961,828,133
2/28/2021,70-79,16163,15271,892,6201,1706,1438,268
2/28/2021,80 and older,15715,14362,1353,9573,4436,3544,892
3/29/2021,19-Oct,34725,31969,2756,7663,4,4,0
3/29/2021,20-29,53407,48439,4968,11476,9,9,0
3/29/2021,30-39,47771,43813,3958,10797,39,38,1
3/29/2021,40-49,43418,40205,3213,10032,124,101,23
3/29/2021,50-59,47449,44243,3206,9136,407,345,62
3/29/2021,60-69,32221,30328,1893,7313,1006,868,138
3/29/2021,70-79,16823,15865,958,6230,1769,1494,275
3/29/2021,80 and older,16092,14684,1408,9744,4525,3622,903
4/7/2021,0-9,18445,17434,1011,4900,2,1,1
4/7/2021,19-Oct,36390,33351,3039,8031,4,4,0
4/7/2021,20-29,55317,50008,5309,11886,9,9,0
4/7/2021,30-39,49368,45098,4270,11158,40,38,2
4/7/2021,40-49,44849,41391,3458,10363,126,103,23
4/7/2021,50-59,48687,45280,3407,9374,414,351,63
4/7/2021,60-69,32827,30844,1983,7451,1016,874,142
4/7/2021,70-79,17004,16028,976,6297,1775,1501,274
4/7/2021,80 and older,16187,14766,1421,9802,4554,3645,909
4/8/2021,0-9,18585,17575,1010,4937,2,1,1
4/8/2021,19-Oct,36684,33636,3048,8096,4,4,0
4/8/2021,20-29,55666,50317,5349,11961,9,9,0
4/8/2021,30-39,49661,45362,4299,11225,40,38,2
4/8/2021,40-49,45082,41611,3471,10417,127,104,23
4/8/2021,50-59,48941,45503,3438,9423,414,351,63
4/8/2021,60-69,32926,30939,1987,7473,1019,876,143
4/8/2021,70-79,17037,16057,980,6310,1776,1502,274
4/8/2021,80 and older,16205,14783,1422,9813,4553,3645,908
4/11/2021,0-9,18891,17868,1023,5018,2,1,1
4/11/2021,19-Oct,37160,34077,3083,8201,4,4,0
4/11/2021,20-29,56230,50826,5404,12082,9,9,0
4/11/2021,30-39,50168,45832,4336,11339,40,38,2
4/11/2021,40-49,45542,42031,3511,10523,127,104,23
4/11/2021,50-59,49338,45870,3468,9499,414,351,63
4/11/2021,60-69,33112,31110,2002,7516,1026,883,143
4/11/2021,70-79,17098,16116,982,6332,1779,1504,275
4/11/2021,80 and older,16246,14822,1424,9838,4556,3648,908
4/12/2021,0-9,18958,17922,1036,5036,1,1,0
4/12/2021,19-Oct,37327,34214,3113,8238,4,4,0
4/12/2021,20-29,56491,51052,5439,12138,8,8,0
4/12/2021,30-39,50381,46028,4353,11387,39,37,2
4/12/2021,40-49,45699,42159,3540,10559,127,104,23
4/12/2021,50-59,49506,46021,3485,9532,414,352,62
4/12/2021,60-69,33194,31175,2019,7534,1034,888,146
4/12/2021,70-79,17106,16123,983,6335,1784,1509,275
4/12/2021,80 and older,16258,14831,1427,9845,4563,3655,908
4/13/2021,0-9,19091,18039,1052,5071,1,1,0
4/13/2021,19-Oct,37571,34432,3139,8291,4,4,0
4/13/2021,20-29,56791,51309,5482,12203,8,8,0
4/13/2021,30-39,50635,46239,4396,11445,39,37,2
4/13/2021,40-49,45905,42340,3565,10607,129,106,23
4/13/2021,50-59,49709,46194,3515,9571,414,353,61
4/13/2021,60-69,33273,31246,2027,7552,1036,890,146
4/13/2021,70-79,17142,16156,986,6348,1786,1511,275
4/11/2020,30-39,1701,,,386,6,,
12/13/2020,0-9,6756,6451,305,1782,1,1,0
12/13/2020,19-Oct,14669,13642,1027,3190,1,1,0
12/13/2020,20-29,26409,24587,1822,5667,6,5,1
12/13/2020,30-39,23763,22300,1463,5396,26,25,1
12/13/2020,40-49,21618,20490,1128,4908,78,62,16
12/13/2020,50-59,23564,22343,1221,4451,231,194,37
12/13/2020,60-69,16698,15961,737,3859,679,574,105
12/13/2020,70-79,9571,9031,540,3672,1187,990,197
12/13/2020,80 and older,10869,9932,937,6621,3235,2545,690
12/14/2020,0-9,6832,6518,314,1802,1,1,0
12/14/2020,19-Oct,14816,13769,1047,3222,1,1,0
12/14/2020,20-29,26631,24774,1857,5714,6,5,1
12/14/2020,30-39,24000,22505,1495,5450,26,25,1
12/14/2020,40-49,21815,20673,1142,4953,78,62,16
12/14/2020,50-59,23813,22567,1246,4498,232,195,37
12/14/2020,60-69,16872,16127,745,3900,688,581,107
12/14/2020,70-79,9674,9132,542,3712,1190,993,197
12/14/2020,80 and older,10948,10000,948,6669,3244,2551,693
12/15/2020,0-9,6971,6656,315,1839,1,1,0
12/15/2020,19-Oct,15057,14004,1053,3275,2,1,1
12/15/2020,20-29,27022,25162,1860,5798,6,5,1
12/15/2020,30-39,24369,22867,1502,5534,26,25,1
12/15/2020,40-49,22193,21044,1149,5039,79,63,16
12/15/2020,50-59,24189,22936,1253,4569,234,197,37
12/15/2020,60-69,17120,16362,758,3957,695,588,107
12/15/2020,70-79,9789,9244,545,3756,1198,1001,197
12/15/2020,80 and older,11035,10081,954,6722,3265,2568,697
12/16/2020,0-9,7105,6785,320,1874,1,1,0
12/16/2020,19-Oct,15306,14238,1068,3329,2,1,1
12/16/2020,20-29,27451,25537,1914,5890,6,5,1
12/16/2020,30-39,24754,23232,1522,5622,26,25,1
12/16/2020,40-49,22505,21334,1171,5110,79,63,16
12/16/2020,50-59,24523,23257,1266,4632,238,201,37
12/16/2020,60-69,17388,16618,770,4019,700,591,109
12/16/2020,70-79,9925,9372,553,3808,1210,1013,197
12/16/2020,80 and older,11111,10151,960,6768,3290,2589,701
12/17/2020,0-9,7292,6973,319,1923,1,1,0
12/17/2020,19-Oct,15582,14512,1070,3389,2,1,1
12/17/2020,20-29,27872,25958,1914,5981,5,5,0
12/17/2020,30-39,25172,23648,1524,5716,26,25,1
12/17/2020,40-49,22857,21685,1172,5190,79,63,16
12/17/2020,50-59,24986,23717,1269,4719,239,202,37
12/17/2020,60-69,17664,16889,775,4083,703,594,109
12/17/2020,70-79,10089,9529,560,3871,1218,1018,200
12/17/2020,80 and older,11231,10264,967,6841,3308,2605,703
12/20/2020,0-9,7572,7246,326,1997,1,1,0
12/20/2020,19-Oct,16071,14976,1095,3495,2,1,1
12/20/2020,20-29,28652,26678,1974,6148,6,6,0
12/20/2020,30-39,25930,24352,1578,5889,26,25,1
12/20/2020,40-49,23486,22280,1206,5332,81,64,17
12/20/2020,50-59,25701,24389,1312,4854,248,208,40
12/20/2020,60-69,18112,17320,792,4186,714,604,110
12/20/2020,70-79,10356,9777,579,3973,1238,1034,204
12/20/2020,80 and older,11457,10461,996,6979,3360,2647,713
12/21/2020,0-9,7701,7371,330,2031,1,1,0
12/21/2020,19-Oct,16231,15131,1100,3530,1,1,0
12/21/2020,20-29,28888,26881,2007,6199,6,6,0
12/21/2020,30-39,26148,24543,1605,5938,26,25,1
12/21/2020,40-49,23678,22454,1224,5376,81,64,17
12/21/2020,50-59,25978,24644,1334,4907,250,211,39
12/21/2020,60-69,18318,17511,807,4234,718,608,110
12/21/2020,70-79,10452,9863,589,4010,1249,1042,207
12/21/2020,80 and older,11524,10528,996,7020,3371,2655,716
12/22/2020,0-9,7802,7466,336,2058,1,1,0
12/22/2020,19-Oct,16400,15286,1114,3567,1,1,0
4/11/2020,40-49,1887,,,428,13,,
12/22/2020,20-29,29211,27170,2041,6268,7,7,0
12/22/2020,30-39,26419,24776,1643,6000,26,25,1
12/22/2020,40-49,23920,22663,1257,5431,82,65,17
12/22/2020,50-59,26255,24898,1357,4959,250,211,39
12/22/2020,60-69,18496,17677,819,4275,721,611,110
12/22/2020,70-79,10572,9974,598,4056,1260,1051,209
12/22/2020,80 and older,11587,10583,1004,7058,3387,2669,718
3/1/2021,0-9,15397,14757,640,4061,1,1,0
3/1/2021,19-Oct,30384,28273,2111,6608,3,3,0
3/1/2021,20-29,48452,44449,4003,10397,9,9,0
3/1/2021,30-39,43449,40208,3241,9867,38,37,1
3/1/2021,40-49,39683,37013,2670,9010,115,94,21
3/1/2021,50-59,43652,40968,2684,8245,384,328,56
3/1/2021,60-69,30071,28443,1628,6950,962,829,133
3/1/2021,70-79,16177,15284,893,6207,1707,1439,268
3/1/2021,80 and older,15726,14373,1353,9579,4439,3547,892
3/2/2021,0-9,15428,14777,651,4069,1,1,0
3/2/2021,19-Oct,30461,28326,2135,6625,3,3,0
3/2/2021,20-29,48555,44514,4041,10419,9,9,0
3/2/2021,30-39,43529,40261,3268,9885,38,37,1
3/2/2021,40-49,39752,37050,2702,9026,116,95,21
3/2/2021,50-59,43725,41020,2705,8259,385,329,56
3/2/2021,60-69,30108,28470,1638,6959,967,834,133
3/2/2021,70-79,16195,15297,898,6214,1712,1444,268
3/2/2021,80 and older,15741,14384,1357,9589,4447,3554,893
4/6/2020,40-49,1189,,,270,7,,
3/3/2021,0-9,15507,14857,650,4090,1,1,0
3/3/2021,19-Oct,30591,28441,2150,6653,3,3,0
3/3/2021,20-29,48723,44660,4063,10455,9,9,0
3/3/2021,30-39,43660,40373,3287,9915,38,37,1
3/3/2021,40-49,39876,37168,2708,9054,116,95,21
3/3/2021,50-59,43862,41140,2722,8285,386,330,56
3/3/2021,60-69,30185,28541,1644,6977,967,834,133
3/3/2021,70-79,16210,15314,896,6219,1716,1448,268
3/3/2021,80 and older,15758,14399,1359,9599,4457,3563,894
3/4/2021,0-9,15581,14921,660,4110,1,1,0
3/4/2021,19-Oct,30722,28558,2164,6682,3,3,0
3/4/2021,20-29,48866,44787,4079,10485,9,9,0
3/4/2021,30-39,43781,40475,3306,9942,38,37,1
3/4/2021,40-49,39973,37245,2728,9076,117,95,22
3/4/2021,50-59,43997,41256,2741,8310,387,331,56
3/4/2021,60-69,30268,28618,1650,6996,970,837,133
3/4/2021,70-79,16241,15338,903,6231,1719,1449,270
3/4/2021,80 and older,15771,14411,1360,9607,4460,3565,895
3/7/2021,0-9,15753,15085,668,4155,1,1,0
3/7/2021,19-Oct,31021,28831,2190,6747,4,4,0
3/7/2021,20-29,49232,45112,4120,10564,9,9,0
3/7/2021,30-39,44111,40784,3327,10017,38,37,1
3/7/2021,40-49,40260,37518,2742,9141,118,96,22
3/7/2021,50-59,44272,41510,2762,8362,391,335,56
3/7/2021,60-69,30470,28813,1657,7043,974,841,133
3/7/2021,70-79,16314,15408,906,6259,1723,1452,271
3/7/2021,80 and older,15811,14452,1359,9631,4467,3572,895
3/8/2021,0-9,15821,15138,683,4173,1,1,0
3/8/2021,19-Oct,31123,28909,2214,6769,4,4,0
3/8/2021,20-29,49379,45223,4156,10595,9,9,0
3/8/2021,30-39,44219,40866,3353,10042,38,37,1
3/8/2021,40-49,40378,37605,2773,9168,118,96,22
5/13/2020,40-49,5095,,,1157,45,,
3/8/2021,50-59,44388,41604,2784,8384,391,335,56
3/8/2021,60-69,30548,28875,1673,7061,974,841,133
3/8/2021,70-79,16334,15428,906,6267,1730,1459,271
3/8/2021,80 and older,15816,14456,1360,9634,4474,3578,896
3/9/2021,0-9,15859,15162,697,4183,1,1,0
3/9/2021,19-Oct,31202,28967,2235,6786,4,4,0
3/9/2021,20-29,49478,45277,4201,10617,9,9,0
4/11/2020,50-59,2273,,,429,21,,
12/23/2020,0-9,7910,7572,338,2086,1,1,0
12/23/2020,19-Oct,16591,15474,1117,3608,1,1,0
12/23/2020,20-29,29549,27482,2067,6340,7,7,0
12/23/2020,30-39,26718,25056,1662,6068,26,25,1
12/23/2020,40-49,24208,22944,1264,5496,84,67,17
12/23/2020,50-59,26581,25206,1375,5021,251,212,39
12/23/2020,60-69,18735,17899,836,4330,726,614,112
12/23/2020,70-79,10710,10107,603,4109,1273,1063,210
12/23/2020,80 and older,11699,10679,1020,7126,3422,2696,726
12/27/2020,0-9,8380,8037,343,2210,1,1,0
12/27/2020,19-Oct,17491,16358,1133,3804,1,1,0
12/27/2020,20-29,30957,28837,2120,6643,7,7,0
12/27/2020,30-39,27982,26280,1702,6355,26,25,1
12/27/2020,40-49,25453,24153,1300,5779,86,69,17
12/27/2020,50-59,28003,26602,1401,5289,263,221,42
12/27/2020,60-69,19645,18769,876,4541,745,630,115
12/27/2020,70-79,11149,10531,618,4278,1295,1080,215
12/27/2020,80 and older,12097,11044,1053,7369,3480,2739,741
12/28/2020,0-9,8422,8072,350,2221,1,1,0
12/28/2020,19-Oct,17558,16416,1142,3819,1,1,0
12/28/2020,20-29,31069,28939,2130,6667,7,7,0
12/28/2020,30-39,28094,26385,1709,6380,26,25,1
12/28/2020,40-49,25564,24251,1313,5804,86,69,17
12/28/2020,50-59,28146,26730,1416,5316,267,224,43
4/5/2020,60-69,896,,,207,27,,
12/28/2020,60-69,19733,18844,889,4561,750,635,115
12/28/2020,70-79,11203,10584,619,4298,1298,1083,215
12/28/2020,80 and older,12135,11077,1058,7392,3488,2747,741
12/29/2020,0-9,8509,8154,355,2244,1,1,0
12/29/2020,19-Oct,17701,16551,1150,3850,1,1,0
12/29/2020,20-29,31342,29200,2142,6725,7,7,0
12/29/2020,30-39,28391,26663,1728,6447,27,26,1
12/29/2020,40-49,25760,24431,1329,5849,86,69,17
12/29/2020,50-59,28408,26969,1439,5366,265,222,43
12/29/2020,60-69,19965,19068,897,4614,758,642,116
12/29/2020,70-79,11307,10680,627,4338,1309,1093,216
12/29/2020,80 and older,12234,11160,1074,7452,3510,2767,743
12/30/2020,0-9,8613,8253,360,2272,1,1,0
12/30/2020,19-Oct,17916,16748,1168,3896,1,1,0
12/30/2020,20-29,31692,29503,2189,6800,7,7,0
12/30/2020,30-39,28718,26947,1771,6522,28,27,1
12/30/2020,40-49,26039,24668,1371,5912,86,69,17
12/30/2020,50-59,28773,27279,1494,5435,266,223,43
12/30/2020,60-69,20192,19262,930,4667,761,644,117
12/30/2020,70-79,11408,10770,638,4377,1312,1096,216
12/30/2020,80 and older,12302,11217,1085,7494,3533,2786,747
1/1/2021,0-9,8839,8476,363,2331,1,1,0
1/1/2021,19-Oct,18376,17203,1173,3997,1,1,0
1/1/2021,20-29,32405,30190,2215,6953,7,7,0
1/1/2021,30-39,29434,27646,1788,6684,28,27,1
1/1/2021,40-49,26643,25263,1380,6049,86,69,17
1/1/2021,50-59,29486,27973,1513,5569,272,228,44
1/1/2021,60-69,20690,19739,951,4782,768,650,118
1/1/2021,70-79,11670,11013,657,4478,1340,1115,225
1/1/2021,80 and older,12525,11414,1111,7630,3596,2839,757
1/3/2021,0-9,9123,8758,365,2406,1,1,0
1/3/2021,19-Oct,18853,17663,1190,4100,1,1,0
1/3/2021,20-29,33125,30867,2258,7108,7,7,0
1/3/2021,30-39,30119,28319,1800,6840,28,27,1
1/3/2021,40-49,27255,25851,1404,6188,87,70,17
1/3/2021,50-59,30210,28673,1537,5706,278,234,44
1/3/2021,60-69,21234,20275,959,4908,778,659,119
1/3/2021,70-79,11932,11267,665,4578,1357,1129,228
1/3/2021,80 and older,12733,11605,1128,7756,3631,2869,762
1/4/2021,0-9,9264,8896,368,2443,1,1,0
4/11/2020,60-69,1854,,,429,67,,
1/4/2021,19-Oct,19142,17932,1210,4163,1,1,0
1/4/2021,20-29,33520,31229,2291,7193,7,7,0
1/4/2021,30-39,30471,28637,1834,6920,29,28,1
1/4/2021,40-49,27560,26120,1440,6257,87,70,17
1/4/2021,50-59,30580,29006,1574,5776,280,235,45
1/4/2021,60-69,21494,20512,982,4968,781,662,119
1/4/2021,70-79,12058,11389,669,4626,1364,1135,229
1/4/2021,80 and older,12824,11691,1133,7812,3642,2878,764
3/9/2021,30-39,44296,40916,3380,10059,38,37,1
3/9/2021,40-49,40467,37662,2805,9188,119,97,22
3/9/2021,50-59,44462,41664,2798,8398,391,335,56
3/9/2021,60-69,30589,28903,1686,7070,977,844,133
3/9/2021,70-79,16342,15432,910,6270,1732,1461,271
3/9/2021,80 and older,15825,14464,1361,9640,4481,3583,898
3/30/2021,0-9,17663,16787,876,4692,2,1,1
3/30/2021,19-Oct,34847,32068,2779,7690,4,4,0
3/30/2021,20-29,53572,48576,4996,11511,9,9,0
3/30/2021,30-39,47897,43920,3977,10826,40,38,2
3/30/2021,40-49,43546,40301,3245,10062,124,101,23
3/30/2021,50-59,47549,44325,3224,9155,406,344,62
3/30/2021,60-69,32270,30369,1901,7325,1009,868,141
3/30/2021,70-79,16847,15889,958,6239,1766,1491,275
3/30/2021,80 and older,16102,14689,1413,9750,4526,3621,905
3/31/2021,0-9,17794,16862,932,4727,2,1,1
4/5/2020,70-79,475,,,182,47,,
3/31/2021,19-Oct,35116,32230,2886,7750,4,4,0
3/31/2021,20-29,53912,48790,5122,11584,9,9,0
3/31/2021,30-39,48211,44097,4114,10897,40,38,2
3/31/2021,40-49,43780,40439,3341,10116,124,101,23
3/31/2021,50-59,47738,44436,3302,9191,409,347,62
3/31/2021,60-69,32368,30431,1937,7347,1011,871,140
3/31/2021,70-79,16868,15903,965,6247,1768,1493,275
3/31/2021,80 and older,16109,14696,1413,9755,4533,3628,905
4/1/2021,0-9,17932,16988,944,4763,2,1,1
4/1/2021,19-Oct,35390,32491,2899,7810,4,4,0
4/1/2021,20-29,54210,49075,5135,11648,9,9,0
4/1/2021,30-39,48447,44339,4108,10950,40,38,2
4/1/2021,40-49,43995,40650,3345,10166,124,101,23
4/1/2021,50-59,47934,44630,3304,9229,410,348,62
4/1/2021,60-69,32436,30497,1939,7362,1011,871,140
4/1/2021,70-79,16884,15919,965,6253,1768,1494,274
4/1/2021,80 and older,16119,14708,1411,9761,4536,3631,905
4/4/2021,0-9,18172,17200,972,4827,2,1,1
4/4/2021,19-Oct,35859,32908,2951,7914,4,4,0
4/4/2021,20-29,54698,49517,5181,11753,9,9,0
4/4/2021,30-39,48857,44699,4158,11043,40,38,2
4/4/2021,40-49,44389,41024,3365,10257,125,102,23
4/4/2021,50-59,48283,44952,3331,9296,411,349,62
4/4/2021,60-69,32601,30649,1952,7400,1013,872,141
4/4/2021,70-79,16928,15966,962,6269,1772,1498,274
4/4/2021,80 and older,16153,14734,1419,9781,4547,3639,908
4/5/2021,0-9,18262,17281,981,4851,2,1,1
4/5/2021,19-Oct,36045,33059,2986,7955,4,4,0
4/5/2021,20-29,54911,49680,5231,11799,9,9,0
4/5/2021,30-39,49035,44830,4205,11083,40,38,2
4/5/2021,40-49,44565,41154,3411,10297,126,103,23
5/28/2020,40-49,5896,,,1339,52,,
4/5/2021,50-59,48443,45079,3364,9327,412,350,62
4/5/2021,60-69,32701,30730,1971,7422,1015,873,142
4/5/2021,70-79,16956,15986,970,6280,1773,1499,274
4/5/2021,80 and older,16157,14739,1418,9784,4549,3640,909
4/6/2021,0-9,18348,17349,999,4874,2,1,1
4/6/2021,19-Oct,36206,33195,3011,7990,4,4,0
4/6/2021,20-29,55081,49827,5254,11836,9,9,0
4/6/2021,30-39,49201,44963,4238,11121,40,38,2
4/6/2021,40-49,44698,41275,3423,10328,126,103,23
4/11/2020,70-79,1027,,,394,110,,
1/5/2021,0-9,9437,9057,380,2489,1,1,0
1/5/2021,19-Oct,19422,18193,1229,4224,1,1,0
1/5/2021,20-29,33940,31626,2314,7283,7,7,0
1/5/2021,30-39,30813,28958,1855,6997,29,28,1
1/5/2021,40-49,27909,26446,1463,6337,88,71,17
1/5/2021,50-59,30936,29337,1599,5843,282,237,45
1/5/2021,60-69,21754,20743,1011,5028,785,665,120
1/5/2021,70-79,12195,11517,678,4679,1371,1140,231
1/5/2021,80 and older,12994,11840,1154,7915,3666,2898,768
1/6/2021,0-9,9594,9211,383,2530,1,1,0
1/6/2021,19-Oct,19821,18556,1265,4311,1,1,0
1/6/2021,20-29,34541,32153,2388,7412,7,7,0
1/6/2021,30-39,31328,29409,1919,7114,29,28,1
1/6/2021,40-49,28355,26865,1490,6438,89,72,17
1/6/2021,50-59,31462,29826,1636,5942,289,243,46
1/6/2021,60-69,22117,21091,1026,5112,790,670,120
1/6/2021,70-79,12364,11672,692,4744,1389,1156,233
1/6/2021,80 and older,13122,11952,1170,7993,3692,2918,774
1/7/2021,0-9,9843,9461,382,2596,1,1,0
1/7/2021,19-Oct,20230,18968,1262,4400,1,1,0
1/7/2021,20-29,35141,32758,2383,7540,7,7,0
1/7/2021,30-39,31838,29920,1918,7230,30,29,1
1/7/2021,40-49,28826,27339,1487,6545,89,72,17
1/7/2021,50-59,31924,30286,1638,6030,292,246,46
5/7/2020,60-69,4894,,,1131,356,,
1/7/2021,60-69,22423,21388,1035,5183,793,673,120
1/7/2021,70-79,12506,11810,696,4798,1395,1160,235
1/7/2021,80 and older,13209,12029,1180,8046,3716,2938,778
1/10/2021,0-9,10318,9933,385,2721,1,1,0
1/10/2021,19-Oct,21103,19812,1291,4590,1,1,0
1/10/2021,20-29,36499,34047,2452,7832,7,7,0
1/10/2021,30-39,32941,30987,1954,7481,31,30,1
1/10/2021,40-49,29857,28337,1520,6779,89,72,17
1/10/2021,50-59,33024,31357,1667,6238,299,252,47
1/10/2021,60-69,23160,22114,1046,5353,811,690,121
1/10/2021,70-79,12900,12190,710,4949,1422,1184,238
1/10/2021,80 and older,13502,12315,1187,8225,3755,2973,782
1/11/2021,0-9,10660,10263,397,2812,1,1,0
1/11/2021,19-Oct,21727,20393,1334,4725,1,1,0
1/11/2021,20-29,37140,34630,2510,7969,7,7,0
1/11/2021,30-39,33499,31498,2001,7607,32,30,2
1/11/2021,40-49,30379,28812,1567,6897,91,74,17
1/11/2021,50-59,33547,31829,1718,6336,303,255,48
1/11/2021,60-69,23450,22376,1074,5420,815,692,123
1/11/2021,70-79,13030,12305,725,4999,1433,1195,238
1/11/2021,80 and older,13561,12367,1194,8261,3766,2981,785
1/12/2021,0-9,10851,10444,407,2862,1,1,0
1/12/2021,19-Oct,22198,20811,1387,4828,1,1,0
1/12/2021,20-29,37808,35207,2601,8113,7,7,0
1/12/2021,30-39,34016,31983,2033,7725,32,30,2
1/12/2021,40-49,30876,29295,1581,7010,91,74,17
1/12/2021,50-59,34111,32362,1749,6443,308,260,48
1/12/2021,60-69,23780,22684,1096,5496,827,702,125
1/12/2021,70-79,13185,12448,737,5059,1457,1214,243
1/12/2021,80 and older,13695,12474,1221,8342,3812,3016,796
1/13/2021,0-9,10886,10474,412,2871,1,1,0
1/13/2021,19-Oct,22307,20895,1412,4851,1,1,0
1/13/2021,20-29,37981,35335,2646,8150,7,7,0
1/13/2021,30-39,34173,32100,2073,7761,31,30,1
1/13/2021,40-49,31023,29401,1622,7044,91,74,17
1/13/2021,50-59,34240,32464,1776,6467,309,260,49
1/13/2021,60-69,23884,22768,1116,5520,829,704,125
1/13/2021,70-79,13242,12494,748,5081,1461,1218,243
1/13/2021,80 and older,13753,12526,1227,8378,3823,3024,799
1/14/2021,0-9,11017,10599,418,2906,1,1,0
5/13/2020,0-9,328,,,87,1,,
1/14/2021,19-Oct,22522,21096,1426,4898,1,1,0
1/14/2021,20-29,38324,35628,2696,8223,7,7,0
1/14/2021,30-39,34445,32345,2100,7822,31,30,1
1/14/2021,40-49,31324,29673,1651,7112,91,74,17
1/14/2021,50-59,34517,32719,1798,6520,311,261,50
1/14/2021,60-69,24056,22926,1130,5560,834,709,125
1/14/2021,70-79,13342,12587,755,5119,1468,1224,244
1/14/2021,80 and older,13821,12589,1232,8419,3850,3048,802
3/10/2021,0-9,15930,15230,700,4202,1,1,0
3/10/2021,19-Oct,31335,29086,2249,6815,4,4,0
3/10/2021,20-29,49596,45376,4220,10642,9,9,0
3/10/2021,30-39,44396,41007,3389,10082,38,37,1
3/10/2021,40-49,40563,37758,2805,9210,119,97,22
3/10/2021,50-59,44565,41758,2807,8417,391,335,56
3/10/2021,60-69,30652,28966,1686,7085,981,848,133
3/10/2021,70-79,16377,15465,912,6283,1734,1463,271
3/10/2021,80 and older,15841,14480,1361,9649,4484,3586,898
3/11/2021,0-9,16007,15300,707,4222,1,1,0
3/11/2021,19-Oct,31543,29283,2260,6860,4,4,0
3/11/2021,20-29,49841,45609,4232,10695,9,9,0
3/11/2021,30-39,44585,41184,3401,10125,38,37,1
3/11/2021,40-49,40727,37920,2807,9247,121,99,22
3/11/2021,50-59,44725,41909,2816,8448,391,335,56
3/11/2021,60-69,30753,29058,1695,7108,982,849,133
3/11/2021,70-79,16397,15483,914,6291,1735,1464,271
3/11/2021,80 and older,15861,14498,1363,9662,4484,3586,898
3/14/2021,0-9,16230,15501,729,4281,2,1,1
3/14/2021,19-Oct,31948,29627,2321,6948,4,4,0
3/14/2021,20-29,50299,45982,4317,10793,9,9,0
3/14/2021,30-39,44966,41528,3438,10212,38,37,1
3/14/2021,40-49,41058,38221,2837,9322,123,101,22
3/14/2021,50-59,45075,42221,2854,8514,396,340,56
3/14/2021,60-69,30968,29264,1704,7158,989,855,134
3/14/2021,70-79,16467,15549,918,6318,1737,1466,271
3/14/2021,80 and older,15897,14528,1369,9684,4490,3591,899
3/15/2021,0-9,16290,15541,749,4297,2,1,1
3/15/2021,19-Oct,32071,29716,2355,6975,4,4,0
3/15/2021,20-29,50484,46091,4393,10833,9,9,0
3/15/2021,30-39,45127,41638,3489,10248,38,37,1
3/15/2021,40-49,41186,38313,2873,9351,123,101,22
3/15/2021,50-59,45194,42308,2886,8536,397,341,56
3/15/2021,60-69,31045,29323,1722,7175,994,857,137
3/15/2021,70-79,16484,15566,918,6325,1738,1467,271
3/15/2021,80 and older,15906,14539,1367,9689,4494,3596,898
3/16/2021,0-9,16334,15580,754,4308,2,1,1
3/16/2021,19-Oct,32134,29767,2367,6989,4,4,0
3/16/2021,20-29,50525,46131,4394,10841,9,9,0
3/16/2021,30-39,45171,41677,3494,10258,38,37,1
3/16/2021,40-49,41232,38359,2873,9362,123,101,22
3/16/2021,50-59,45264,42368,2896,8549,398,342,56
3/16/2021,60-69,31088,29358,1730,7185,999,860,139
3/16/2021,70-79,16499,15580,919,6330,1737,1467,270
3/16/2021,80 and older,15913,14543,1370,9693,4497,3599,898
3/17/2021,0-9,16434,15677,757,4334,2,1,1
3/17/2021,19-Oct,32330,29933,2397,7031,4,4,0
3/17/2021,20-29,50736,46320,4416,10887,9,9,0
3/17/2021,30-39,45358,41844,3514,10301,38,37,1
3/17/2021,40-49,41400,38505,2895,9400,123,101,22
3/17/2021,50-59,45420,42508,2912,8579,399,343,56
3/17/2021,60-69,31183,29457,1726,7207,1000,862,138
3/17/2021,70-79,16530,15605,925,6342,1746,1475,271
3/17/2021,80 and older,15927,14556,1371,9702,4501,3604,897
3/18/2021,0-9,16529,15764,765,4360,2,1,1
3/18/2021,19-Oct,32508,30079,2429,7070,4,4,0
5/13/2020,19-Oct,789,,,172,1,,
1/17/2021,0-9,11512,11087,425,3036,1,1,0
1/17/2021,19-Oct,23413,21977,1436,5092,1,1,0
1/17/2021,20-29,39436,36691,2745,8462,6,6,0
1/17/2021,30-39,35463,33278,2185,8053,31,30,1
1/17/2021,40-49,32250,30510,1740,7322,92,74,18
1/17/2021,50-59,35601,33765,1836,6724,314,264,50
1/17/2021,60-69,24747,23627,1120,5720,844,718,126
1/17/2021,70-79,13641,12915,726,5234,1485,1238,247
1/17/2021,80 and older,14001,12804,1197,8529,3896,3092,804
1/18/2021,0-9,11701,11276,425,3086,1,1,0
1/18/2021,19-Oct,23672,22234,1438,5148,1,1,0
1/18/2021,20-29,39777,37026,2751,8535,6,6,0
1/18/2021,30-39,35800,33610,2190,8130,31,30,1
1/18/2021,40-49,32563,30817,1746,7393,92,74,18
1/18/2021,50-59,35884,34044,1840,6778,315,265,50
1/18/2021,60-69,24939,23817,1122,5764,847,720,127
1/18/2021,70-79,13752,13023,729,5276,1486,1238,248
1/18/2021,80 and older,14071,12876,1195,8571,3903,3098,805
1/19/2021,0-9,11811,11372,439,3115,1,1,0
1/19/2021,19-Oct,23891,22410,1481,5196,1,1,0
1/19/2021,20-29,40099,37258,2841,8604,6,6,0
1/19/2021,30-39,36095,33781,2314,8197,31,30,1
1/19/2021,40-49,32880,31021,1859,7465,92,74,18
1/19/2021,50-59,36190,34255,1935,6835,318,268,50
1/19/2021,60-69,25123,23949,1174,5807,849,722,127
1/19/2021,70-79,13848,13103,745,5313,1501,1250,251
1/19/2021,80 and older,14136,12935,1201,8611,3927,3118,809
1/20/2021,0-9,11913,11471,442,3142,1,1,0
1/20/2021,19-Oct,24093,22606,1487,5240,1,1,0
1/20/2021,20-29,40387,37515,2872,8666,6,6,0
1/20/2021,30-39,36336,34007,2329,8252,32,31,1
1/20/2021,40-49,33106,31224,1882,7517,94,76,18
1/20/2021,50-59,36469,34524,1945,6888,320,269,51
1/20/2021,60-69,25295,24108,1187,5846,853,725,128
1/20/2021,70-79,13917,13160,757,5340,1516,1264,252
1/20/2021,80 and older,14219,12993,1226,8661,3951,3138,813
1/21/2021,0-9,12041,11598,443,3176,1,1,0
1/21/2021,19-Oct,24331,22822,1509,5292,1,1,0
1/21/2021,20-29,40725,37817,2908,8739,6,6,0
1/21/2021,30-39,36634,34283,2351,8319,32,31,1
1/21/2021,40-49,33398,31488,1910,7583,95,76,19
1/21/2021,50-59,36783,34815,1968,6948,323,272,51
1/21/2021,60-69,25529,24331,1198,5901,858,730,128
1/21/2021,70-79,14022,13263,759,5380,1523,1269,254
1/21/2021,80 and older,14293,13054,1239,8706,3980,3159,821
1/24/2021,0-9,12488,12034,454,3294,1,1,0
1/24/2021,19-Oct,25057,23503,1554,5450,1,1,0
1/24/2021,20-29,41657,38694,2963,8939,6,6,0
1/24/2021,30-39,37529,35123,2406,8523,33,32,1
1/24/2021,40-49,34199,32232,1967,7765,97,77,20
1/24/2021,50-59,37673,35658,2015,7116,329,277,52
1/24/2021,60-69,26093,24852,1241,6031,868,739,129
1/24/2021,70-79,14323,13547,776,5495,1541,1285,256
1/24/2021,80 and older,14551,13298,1253,8864,4035,3203,832
1/25/2021,0-9,12595,12136,459,3322,1,1,0
1/25/2021,19-Oct,25215,23646,1569,5484,1,1,0
1/25/2021,20-29,41860,38870,2990,8982,6,6,0
1/25/2021,30-39,37709,35286,2423,8564,33,32,1
1/25/2021,40-49,34379,32409,1970,7806,99,78,21
1/25/2021,50-59,37888,35856,2032,7156,331,278,53
1/25/2021,60-69,26226,24974,1252,6062,871,740,131
1/25/2021,70-79,14365,13587,778,5512,1548,1293,255
1/25/2021,80 and older,14601,13343,1258,8894,4044,3209,835
1/26/2021,0-9,12765,12288,477,3367,1,1,0
1/26/2021,19-Oct,25526,23933,1593,5552,1,1,0
1/26/2021,20-29,42263,39226,3037,9069,6,6,0
1/26/2021,30-39,38073,35625,2448,8646,33,32,1
1/26/2021,40-49,34726,32726,2000,7884,100,80,20
1/26/2021,50-59,38283,36217,2066,7231,331,278,53
5/21/2020,0-9,421,,,111,1,,
5/21/2020,19-Oct,966,,,210,1,,
5/21/2020,20-29,4417,,,948,4,,
5/21/2020,30-39,5505,,,1250,20,,
5/21/2020,40-49,5619,,,1276,51,,
5/21/2020,50-59,6922,,,1307,153,,
5/21/2020,60-69,5845,,,1351,457,,
5/21/2020,70-79,3881,,,1489,787,,
5/21/2020,80 and older,5947,,,3623,2162,,
5/22/2020,0-9,436,,,115,1,,
5/22/2020,19-Oct,981,,,213,1,,
5/22/2020,20-29,4479,,,961,4,,
5/22/2020,30-39,5563,,,1263,19,,
5/22/2020,40-49,5674,,,1288,52,,
5/22/2020,50-59,6974,,,1317,154,,
5/22/2020,60-69,5882,,,1360,462,,
5/22/2020,70-79,3905,,,1498,796,,
5/22/2020,80 and older,5992,,,3650,2185,,
5/23/2020,0-9,446,,,118,1,,
5/23/2020,19-Oct,992,,,216,1,,
5/23/2020,20-29,4532,,,972,4,,
5/23/2020,30-39,5636,,,1280,19,,
5/23/2020,40-49,5723,,,1299,51,,
5/23/2020,50-59,7027,,,1327,155,,
5/23/2020,60-69,5916,,,1367,461,,
5/23/2020,80 and older,6100,,,3716,2200,,
5/24/2020,0-9,459,,,121,1,,
5/24/2020,19-Oct,1016,,,221,1,,
5/24/2020,20-29,4590,,,985,4,,
5/24/2020,30-39,5705,,,1296,19,,
5/24/2020,40-49,5788,,,1314,52,,
5/24/2020,50-59,7087,,,1339,153,,
5/24/2020,60-69,5971,,,1380,467,,
5/24/2020,70-79,3995,,,1533,805,,
5/24/2020,80 and older,6147,,,3744,2239,,
5/25/2020,0-9,465,,,123,1,,
5/25/2020,19-Oct,1040,,,226,1,,
5/25/2020,20-29,4650,,,998,4,,
5/25/2020,30-39,5747,,,1305,19,,
5/25/2020,40-49,5882,,,1335,53,,
5/25/2020,50-59,7184,,,1357,153,,
5/25/2020,60-69,6021,,,1392,472,,
5/25/2020,70-79,4016,,,1541,808,,
5/25/2020,80 and older,6165,,,3755,2257,,
5/26/2020,0-9,477,,,126,1,,
5/26/2020,19-Oct,1040,,,226,1,,
5/26/2020,20-29,4641,,,996,4,,
5/26/2020,30-39,5753,,,1306,19,,
5/26/2020,40-49,5846,,,1327,53,,
5/26/2020,50-59,7150,,,1350,154,,
5/26/2020,60-69,6025,,,1393,478,,
5/26/2020,70-79,4022,,,1543,816,,
5/26/2020,80 and older,6222,,,3790,2276,,
5/27/2020,0-9,481,,,127,1,,
5/27/2020,19-Oct,1050,,,228,1,,
5/27/2020,20-29,4682,,,1005,4,,
5/27/2020,30-39,5791,,,1315,19,,
5/27/2020,40-49,5871,,,1333,52,,
5/27/2020,50-59,7200,,,1360,154,,
5/27/2020,60-69,6067,,,1402,483,,
5/27/2020,70-79,4039,,,1550,815,,
5/27/2020,80 and older,6265,,,3816,2296,,
5/28/2020,0-9,488,,,129,1,,
5/28/2020,50-59,7219,,,1364,157,,
5/28/2020,80 and older,6299,,,3837,2321,,
5/29/2020,0-9,501,,,132,1,,
5/29/2020,19-Oct,1072,,,233,1,,
5/29/2020,20-29,4751,,,1019,4,,
5/29/2020,30-39,5855,,,1330,19,,
5/29/2020,80 and older,6333,,,3858,2348,,
5/30/2020,0-9,508,,,134,1,,
5/30/2020,19-Oct,1078,,,234,1,,
5/30/2020,20-29,4763,,,1022,4,,
5/30/2020,30-39,5867,,,1332,19,,
5/30/2020,40-49,5949,,,1351,52,,
5/30/2020,50-59,7286,,,1376,157,,
5/30/2020,60-69,6147,,,1421,497,,
5/30/2020,70-79,4099,,,1573,843,,
5/30/2020,80 and older,6378,,,3885,2369,,
5/18/2020,40-49,5475,,,1243,51,,
5/18/2020,50-59,6739,,,1273,143,,
5/18/2020,60-69,5686,,,1314,433,,
5/18/2020,70-79,3772,,,1447,749,,
5/18/2020,80 and older,5748,,,3501,2068,,
5/19/2020,0-9,407,,,107,1,,
5/19/2020,19-Oct,935,,,203,1,,
5/19/2020,20-29,4338,,,931,4,,
5/19/2020,30-39,5423,,,1232,20,,
5/19/2020,40-49,5549,,,1260,51,,
5/19/2020,50-59,6833,,,1291,148,,
5/19/2020,60-69,5764,,,1332,436,,
5/19/2020,70-79,3829,,,1469,765,,
5/19/2020,80 and older,5817,,,3543,2101,,
4/5/2020,0-9,49,,,13,1,,
4/5/2020,19-Oct,113,,,25,0,,
4/5/2020,20-29,639,,,137,0,,
4/5/2020,30-39,856,,,194,1,,
4/5/2020,40-49,963,,,219,7,,
4/5/2020,50-59,1152,,,218,9,,
4/5/2020,80 and older,463,,,282,97,,
4/6/2020,0-9,60,,,16,1,,
4/6/2020,19-Oct,149,,,32,0,,
4/6/2020,20-29,792,,,170,0,,
4/6/2020,50-59,1390,,,263,10,,
4/6/2020,60-69,1092,,,252,28,,
4/6/2020,70-79,569,,,218,49,,
4/6/2020,80 and older,546,,,333,110,,
4/7/2020,0-9,67,,,18,1,,
4/7/2020,19-Oct,168,,,37,0,,
4/7/2020,20-29,870,,,187,1,,
4/7/2020,30-39,1189,,,270,2,,
4/7/2020,40-49,1302,,,296,9,,
4/7/2020,50-59,1550,,,293,13,,
4/7/2020,60-69,1247,,,288,39,,
4/7/2020,70-79,646,,,248,63,,
4/7/2020,80 and older,635,,,387,149,,
4/8/2020,0-9,73,,,19,1,,
4/8/2020,19-Oct,184,,,40,0,,
4/8/2020,20-29,973,,,209,1,,
4/8/2020,30-39,1328,,,302,2,,
4/8/2020,40-49,1438,,,326,9,,
4/8/2020,50-59,1761,,,333,16,,
4/8/2020,60-69,1417,,,328,47,,
4/8/2020,70-79,748,,,287,80,,
4/8/2020,80 and older,752,,,458,179,,
4/9/2020,0-9,77,,,20,1,,
4/9/2020,19-Oct,203,,,44,0,,
4/9/2020,20-29,1097,,,235,1,,
4/9/2020,30-39,1478,,,336,3,,
4/9/2020,40-49,1626,,,369,10,,
4/9/2020,50-59,1968,,,372,17,,
4/9/2020,60-69,1561,,,361,53,,
4/9/2020,70-79,836,,,321,91,,
4/9/2020,80 and older,839,,,511,204,,
4/10/2020,0-9,81,,,21,1,,
4/10/2020,19-Oct,215,,,47,0,,
4/10/2020,20-29,1178,,,253,1,,
4/10/2020,30-39,1575,,,358,5,,
4/10/2020,40-49,1747,,,397,11,,
4/10/2020,50-59,2115,,,399,19,,
4/10/2020,60-69,1675,,,387,61,,
4/10/2020,70-79,916,,,351,101,,
4/10/2020,80 and older,940,,,573,249,,
4/11/2020,0-9,88,,,23,1,,
4/11/2020,80 and older,1090,,,664,275,,
4/12/2020,0-9,89,,,23,1,,
4/12/2020,19-Oct,245,,,53,0,,
4/12/2020,20-29,1305,,,280,1,,
4/12/2020,30-39,1772,,,402,6,,
4/12/2020,40-49,1972,,,448,13,,
4/12/2020,50-59,2372,,,448,27,,
4/12/2020,60-69,1947,,,450,75,,
5/5/2020,0-9,243,,,64,1,,
5/5/2020,19-Oct,638,,,139,1,,
5/5/2020,20-29,3332,,,715,4,,
5/5/2020,30-39,4303,,,977,19,,
5/5/2020,40-49,4531,,,1029,38,,
5/5/2020,50-59,5539,,,1046,120,,
5/5/2020,60-69,4716,,,1090,340,,
5/5/2020,70-79,3062,,,1175,596,,
5/5/2020,80 and older,4485,,,2732,1596,,
5/6/2020,0-9,256,,,68,1,,
5/6/2020,19-Oct,663,,,144,1,,
5/6/2020,20-29,3411,,,732,4,,
5/6/2020,30-39,4393,,,998,19,,
5/6/2020,40-49,4638,,,1053,41,,
5/6/2020,50-59,5672,,,1071,120,,
5/6/2020,60-69,4824,,,1115,343,,
5/6/2020,70-79,3159,,,1212,615,,
5/6/2020,80 and older,4626,,,2818,1650,,
5/7/2020,0-9,267,,,70,1,,
5/7/2020,19-Oct,684,,,149,1,,
5/7/2020,20-29,3506,,,752,4,,
5/7/2020,30-39,4505,,,1023,19,,
5/7/2020,40-49,4728,,,1073,41,,
5/7/2020,50-59,5768,,,1089,120,,
5/7/2020,80 and older,4704,,,2865,1699,,
5/8/2020,0-9,280,,,74,1,,
5/8/2020,19-Oct,709,,,154,1,,
5/8/2020,20-29,3577,,,768,4,,
5/8/2020,30-39,4587,,,1042,20,,
5/8/2020,40-49,4799,,,1090,39,,
5/8/2020,50-59,5852,,,1105,121,,
5/8/2020,60-69,4974,,,1150,363,,
5/8/2020,70-79,3266,,,1253,641,,
5/8/2020,80 and older,4805,,,2927,1739,,
5/9/2020,0-9,287,,,76,1,,
5/9/2020,19-Oct,724,,,157,1,,
5/9/2020,20-29,3649,,,783,4,,
5/9/2020,30-39,4661,,,1058,19,,
5/9/2020,40-49,4870,,,1106,40,,
5/9/2020,50-59,5956,,,1125,120,,
5/9/2020,60-69,5060,,,1170,363,,
5/9/2020,70-79,3304,,,1268,656,,
5/9/2020,80 and older,4902,,,2986,1758,,
5/10/2020,0-9,289,,,76,1,,
5/10/2020,19-Oct,729,,,159,1,,
5/10/2020,20-29,3664,,,786,4,,
5/10/2020,30-39,4677,,,1062,19,,
5/10/2020,40-49,4898,,,1112,40,,
5/10/2020,50-59,5996,,,1133,123,,
5/10/2020,60-69,5091,,,1177,373,,
5/10/2020,70-79,3330,,,1278,665,,
5/10/2020,80 and older,4950,,,3015,1777,,
5/11/2020,0-9,303,,,80,1,,
5/11/2020,19-Oct,748,,,163,1,,
5/11/2020,20-29,3739,,,802,4,,
5/11/2020,30-39,4777,,,1085,19,,
5/11/2020,40-49,4970,,,1128,41,,
5/11/2020,50-59,6088,,,1150,125,,
5/11/2020,60-69,5152,,,1191,380,,
5/11/2020,70-79,3384,,,1298,668,,
5/11/2020,80 and older,5032,,,3065,1798,,
5/12/2020,0-9,313,,,83,1,,
5/12/2020,19-Oct,765,,,166,1,,
5/12/2020,20-29,3825,,,821,4,,
5/12/2020,30-39,4858,,,1103,19,,
5/12/2020,40-49,5036,,,1143,43,,
5/12/2020,50-59,6159,,,1163,127,,
5/12/2020,60-69,5209,,,1204,390,,
5/12/2020,70-79,3432,,,1317,680,,
5/12/2020,80 and older,5131,,,3126,1856,,
5/13/2020,20-29,3866,,,830,4,,
5/13/2020,30-39,4934,,,1120,19,,
5/13/2020,50-59,6266,,,1184,130,,
5/13/2020,60-69,5299,,,1225,403,,
5/13/2020,70-79,3495,,,1341,695,,
5/13/2020,80 and older,5260,,,3204,1918,,
5/14/2020,0-9,332,,,88,1,,
5/14/2020,19-Oct,810,,,176,1,,
5/14/2020,20-29,3955,,,849,4,,
5/14/2020,30-39,5035,,,1143,20,,
5/14/2020,40-49,5184,,,1177,45,,
5/14/2020,50-59,6363,,,1202,133,,
5/14/2020,60-69,5381,,,1244,410,,
5/14/2020,70-79,3549,,,1362,710,,
5/14/2020,80 and older,5343,,,3255,1958,,
5/15/2020,0-9,339,,,89,1,,
5/15/2020,19-Oct,830,,,181,1,,
5/15/2020,20-29,4037,,,866,4,,
5/15/2020,30-39,5123,,,1163,20,,
5/15/2020,40-49,5251,,,1192,46,,
5/15/2020,50-59,6453,,,1219,136,,
5/15/2020,60-69,5457,,,1261,418,,
5/15/2020,70-79,3609,,,1385,720,,
5/15/2020,80 and older,5463,,,3328,1991,,
5/16/2020,0-9,352,,,93,1,,
5/16/2020,19-Oct,852,,,185,1,,
5/16/2020,20-29,4131,,,886,4,,
5/16/2020,30-39,5236,,,1189,20,,
5/16/2020,40-49,5345,,,1214,48,,
5/16/2020,50-59,6597,,,1246,141,,
5/16/2020,60-69,5568,,,1287,426,,
5/16/2020,70-79,3668,,,1407,733,,
5/16/2020,80 and older,5545,,,3378,2032,,
5/17/2020,80 and older,5681,,,3461,2048,,
5/18/2020,0-9,386,,,102,1,,
5/18/2020,19-Oct,897,,,195,1,,
5/18/2020,20-29,4264,,,915,4,,
5/18/2020,30-39,5340,,,1213,20,,
4/12/2020,70-79,1080,,,414,122,,
4/12/2020,80 and older,1167,,,711,309,,
4/13/2020,0-9,97,,,26,1,,
4/13/2020,19-Oct,274,,,60,0,,
4/13/2020,20-29,1430,,,307,1,,
4/13/2020,30-39,1921,,,436,8,,
4/13/2020,40-49,2151,,,488,13,,
4/13/2020,50-59,2593,,,490,30,,
4/13/2020,60-69,2148,,,496,83,,
4/13/2020,70-79,1212,,,465,134,,
4/13/2020,80 and older,1314,,,800,332,,
4/14/2020,0-9,100,,,26,1,,
4/14/2020,19-Oct,281,,,61,0,,
4/14/2020,20-29,1489,,,320,1,,
4/14/2020,30-39,2013,,,457,8,,
4/14/2020,40-49,2256,,,512,14,,
4/14/2020,50-59,2715,,,513,32,,
4/14/2020,60-69,2245,,,519,96,,
4/14/2020,70-79,1266,,,486,150,,
4/14/2020,80 and older,1396,,,850,369,,
4/15/2020,0-9,107,,,28,1,,
4/15/2020,19-Oct,291,,,63,1,,
4/15/2020,20-29,1557,,,334,1,,
4/15/2020,30-39,2101,,,477,9,,
4/15/2020,40-49,2348,,,533,19,,
4/15/2020,50-59,2838,,,536,35,,
4/15/2020,60-69,2357,,,545,118,,
4/15/2020,70-79,1381,,,530,192,,
4/15/2020,80 and older,1581,,,963,491,,
4/16/2020,0-9,117,,,31,1,,
4/16/2020,19-Oct,311,,,68,1,,
4/16/2020,20-29,1670,,,358,2,,
4/16/2020,30-39,2244,,,510,10,,
4/16/2020,40-49,2534,,,575,20,,
4/16/2020,50-59,3050,,,576,40,,
4/16/2020,60-69,2545,,,588,138,,
4/16/2020,70-79,1477,,,567,218,,
4/16/2020,80 and older,1734,,,1056,539,,
4/17/2020,0-9,130,,,34,1,,
4/17/2020,19-Oct,330,,,72,1,,
4/17/2020,20-29,1781,,,382,3,,
4/17/2020,30-39,2379,,,540,11,,
4/17/2020,40-49,2683,,,609,21,,
4/17/2020,50-59,3248,,,613,44,,
4/17/2020,60-69,2683,,,620,143,,
4/17/2020,70-79,1541,,,591,231,,
4/17/2020,80 and older,1866,,,1137,579,,
4/18/2020,0-9,133,,,35,1,,
4/18/2020,19-Oct,345,,,75,2,,
4/18/2020,20-29,1854,,,398,3,,
4/18/2020,30-39,2469,,,561,11,,
4/18/2020,40-49,2791,,,634,22,,
4/18/2020,50-59,3375,,,637,44,,
4/18/2020,60-69,2805,,,648,151,,
4/18/2020,70-79,1618,,,621,245,,
4/18/2020,80 and older,1994,,,1215,605,,
4/19/2020,0-9,138,,,36,1,,
4/19/2020,19-Oct,349,,,76,2,,
4/19/2020,20-29,1884,,,404,3,,
4/19/2020,30-39,2520,,,572,11,,
4/19/2020,40-49,2846,,,646,22,,
4/19/2020,50-59,3433,,,648,45,,
4/19/2020,60-69,2871,,,664,158,,
4/19/2020,70-79,1662,,,638,253,,
4/19/2020,80 and older,2095,,,1276,630,,
4/20/2020,0-9,137,,,36,1,,
4/20/2020,19-Oct,371,,,81,2,,
4/20/2020,20-29,2013,,,432,3,,
4/20/2020,30-39,2718,,,617,12,,
4/20/2020,40-49,3048,,,692,28,,
4/20/2020,50-59,3696,,,698,58,,
4/20/2020,60-69,3162,,,731,192,,
4/20/2020,70-79,1901,,,729,300,,
4/20/2020,80 and older,2533,,,1543,733,,
4/21/2020,0-9,144,,,38,1,,
4/21/2020,50-59,3774,,,713,63,,
4/21/2020,60-69,3247,,,750,204,,
4/21/2020,70-79,1948,,,747,319,,
4/21/2020,80 and older,2624,,,1598,787,,
4/22/2020,0-9,166,,,44,1,,
4/22/2020,19-Oct,448,,,97,1,,
4/22/2020,20-29,2313,,,496,3,,
4/22/2020,30-39,3136,,,712,14,,
4/22/2020,40-49,3450,,,783,30,,
4/22/2020,50-59,4232,,,799,69,,
4/22/2020,60-69,3549,,,820,222,,
4/22/2020,70-79,2114,,,811,344,,
4/22/2020,80 and older,2828,,,1723,858,,
4/23/2020,0-9,169,,,45,1,,
4/23/2020,19-Oct,465,,,101,1,,
4/23/2020,20-29,2397,,,514,4,,
4/23/2020,30-39,3204,,,728,15,,
4/23/2020,40-49,3537,,,803,30,,
4/23/2020,50-59,4335,,,819,75,,
4/23/2020,60-69,3632,,,839,228,,
4/23/2020,70-79,2172,,,833,366,,
4/23/2020,80 and older,2951,,,1798,915,,
4/24/2020,0-9,176,,,46,1,,
4/24/2020,19-Oct,482,,,105,1,,
4/24/2020,20-29,2465,,,529,4,,
4/24/2020,30-39,3322,,,754,16,,
4/24/2020,40-49,3621,,,822,31,,
4/24/2020,50-59,4464,,,843,78,,
4/24/2020,60-69,3739,,,864,240,,
4/24/2020,70-79,2283,,,876,398,,
4/24/2020,80 and older,3134,,,1909,992,,
4/25/2020,0-9,178,,,47,1,,
4/25/2020,19-Oct,492,,,107,1,,
4/25/2020,20-29,2576,,,553,3,,
4/25/2020,30-39,3428,,,778,16,,
4/25/2020,40-49,3708,,,842,31,,
4/25/2020,50-59,4576,,,864,84,,
4/25/2020,60-69,3824,,,884,250,,
4/25/2020,70-79,2338,,,897,423,,
4/25/2020,80 and older,3225,,,1964,1049,,
4/26/2020,0-9,184,,,49,1,,
4/26/2020,19-Oct,500,,,109,1,,
4/26/2020,20-29,2647,,,568,3,,
4/26/2020,30-39,3509,,,797,16,,
4/26/2020,40-49,3788,,,860,31,,
4/26/2020,50-59,4689,,,886,88,,
4/26/2020,60-69,3903,,,902,258,,
4/26/2020,70-79,2433,,,933,434,,
4/26/2020,80 and older,3382,,,2060,1091,,
4/27/2020,0-9,188,,,50,1,,
4/27/2020,19-Oct,523,,,114,1,,
4/27/2020,20-29,2750,,,590,3,,
4/27/2020,30-39,3614,,,821,16,,
4/27/2020,40-49,3885,,,882,31,,
4/27/2020,50-59,4796,,,906,92,,
4/27/2020,60-69,4011,,,927,270,,
4/27/2020,70-79,2501,,,960,455,,
4/27/2020,80 and older,3498,,,2131,1141,,
4/28/2020,0-9,190,,,50,1,,
4/28/2020,19-Oct,532,,,116,1,,
4/28/2020,20-29,2770,,,594,3,,
4/28/2020,30-39,3651,,,829,17,,
4/28/2020,40-49,3905,,,887,31,,
4/28/2020,50-59,4840,,,914,96,,
4/28/2020,60-69,4053,,,937,274,,
4/28/2020,70-79,2545,,,976,468,,
4/28/2020,80 and older,3593,,,2189,1195,,
4/29/2020,0-9,199,,,52,1,,
4/29/2020,19-Oct,537,,,117,1,,
4/29/2020,20-29,2820,,,605,3,,
4/29/2020,30-39,3695,,,839,16,,
4/29/2020,40-49,3952,,,897,31,,
4/29/2020,50-59,4894,,,924,98,,
4/29/2020,60-69,4124,,,953,279,,
4/29/2020,70-79,2609,,,1001,486,,
4/29/2020,80 and older,3704,,,2256,1249,,
4/30/2020,0-9,207,,,55,1,,
4/30/2020,19-Oct,568,,,124,1,,
4/30/2020,20-29,2936,,,630,3,,
4/30/2020,30-39,3821,,,868,18,,
4/30/2020,40-49,4063,,,922,31,,
4/30/2020,50-59,5040,,,952,101,,
4/30/2020,60-69,4259,,,984,290,,
4/30/2020,70-79,2712,,,1041,507,,
4/30/2020,80 and older,3860,,,2351,1301,,
5/1/2020,0-9,214,,,56,1,,
5/1/2020,19-Oct,589,,,128,1,,
5/1/2020,20-29,3051,,,655,3,,
5/1/2020,30-39,3977,,,903,18,,
5/1/2020,40-49,4227,,,960,32,,
5/1/2020,50-59,5218,,,986,102,,
5/1/2020,60-69,4413,,,1020,300,,
5/1/2020,70-79,2808,,,1077,521,,
5/1/2020,80 and older,4063,,,2475,1357,,
5/2/2020,0-9,220,,,58,1,,
5/2/2020,19-Oct,603,,,131,1,,
5/2/2020,20-29,3122,,,670,4,,
5/2/2020,30-39,4042,,,918,18,,
5/2/2020,40-49,4298,,,976,33,,
5/2/2020,50-59,5297,,,1000,104,,
5/2/2020,60-69,4483,,,1036,309,,
5/2/2020,70-79,2872,,,1102,535,,
5/2/2020,80 and older,4193,,,2554,1426,,
5/3/2020,0-9,226,,,60,1,,
5/3/2020,19-Oct,611,,,133,1,,
5/3/2020,20-29,3190,,,684,4,,
5/3/2020,30-39,4151,,,943,18,,
5/3/2020,40-49,4401,,,999,37,,
5/3/2020,50-59,5405,,,1021,111,,
5/3/2020,60-69,4583,,,1059,324,,
5/3/2020,70-79,2946,,,1130,558,,
5/3/2020,80 and older,4307,,,2624,1499,,
5/4/2020,0-9,239,,,63,1,,
5/4/2020,19-Oct,628,,,137,1,,
5/4/2020,20-29,3292,,,706,4,,
5/4/2020,30-39,4254,,,966,18,,
5/4/2020,40-49,4491,,,1020,38,,
5/4/2020,50-59,5493,,,1038,116,,
5/4/2020,60-69,4663,,,1078,328,,
5/4/2020,70-79,3010,,,1155,581,,
5/4/2020,80 and older,4400,,,2680,1543,,
5/20/2020,0-9,409,,,108,1,,
5/20/2020,19-Oct,942,,,205,1,,
5/20/2020,20-29,4368,,,937,4,,
5/20/2020,30-39,5449,,,1237,20,,
5/20/2020,40-49,5571,,,1265,50,,
5/20/2020,50-59,6857,,,1295,150,,
5/20/2020,60-69,5787,,,1338,443,,
5/20/2020,70-79,3842,,,1474,774,,
5/20/2020,80 and older,5863,,,3571,2138,,
5/31/2020,0-9,515,494,21,136,1,1,0
5/31/2020,19-Oct,1102,1058,44,240,1,1,0
5/31/2020,20-29,4829,4648,181,1036,4,4,0
5/31/2020,30-39,5948,5760,188,1351,19,19,0
5/31/2020,40-49,6015,5835,180,1366,52,42,10
5/31/2020,50-59,7349,7083,266,1388,156,125,31
5/31/2020,60-69,6198,5954,244,1433,499,419,80
5/31/2020,70-79,4133,3887,246,1586,844,688,156
5/31/2020,80 and older,6527,5837,690,3976,2393,1812,581
6/1/2020,0-9,523,502,21,138,1,1,0
6/1/2020,19-Oct,1117,1073,44,243,1,1,0
6/1/2020,20-29,4863,4681,182,1043,4,4,0
6/1/2020,30-39,5980,5798,182,1358,19,19,0
6/1/2020,40-49,6049,5867,182,1373,52,42,10
6/1/2020,50-59,7386,7123,263,1395,157,128,29
6/1/2020,60-69,6214,5977,237,1436,493,419,74
6/1/2020,70-79,4152,3908,244,1593,853,699,154
6/1/2020,80 and older,6568,5898,670,4001,2391,1826,565
6/2/2020,0-9,530,508,22,140,1,1,0
6/2/2020,19-Oct,1126,1078,48,245,1,1,0
6/2/2020,20-29,4886,4704,182,1048,4,4,0
6/2/2020,30-39,5991,5812,179,1361,18,18,0
6/2/2020,40-49,6059,5877,182,1376,52,42,10
6/2/2020,50-59,7387,7126,261,1395,157,129,28
6/2/2020,60-69,6226,5990,236,1439,493,419,74
6/2/2020,70-79,4154,3910,244,1594,856,702,154
6/2/2020,80 and older,6581,5908,673,4009,2406,1840,566
6/3/2020,0-9,538,514,24,142,1,1,0
6/3/2020,19-Oct,1136,1088,48,247,1,1,0
6/3/2020,20-29,4903,4718,185,1052,4,4,0
6/3/2020,30-39,6021,5840,181,1367,18,18,0
6/3/2020,40-49,6072,5889,183,1379,51,41,10
6/3/2020,50-59,7405,7136,269,1399,159,131,28
6/3/2020,60-69,6249,6007,242,1444,495,420,75
6/3/2020,70-79,4165,3919,246,1598,859,705,154
6/3/2020,80 and older,6608,5931,677,4025,2418,1850,568
6/4/2020,0-9,540,517,23,142,1,1,0
6/4/2020,19-Oct,1151,1101,50,250,1,1,0
6/4/2020,20-29,4950,4765,185,1062,4,4,0
6/4/2020,30-39,6058,5875,183,1376,18,18,0
6/4/2020,40-49,6110,5925,185,1387,52,42,10
6/4/2020,50-59,7437,7166,271,1405,161,133,28
6/4/2020,60-69,6269,6028,241,1449,499,425,74
6/4/2020,70-79,4171,3928,243,1600,868,712,156
6/4/2020,80 and older,6640,5961,679,4045,2433,1860,573
6/5/2020,0-9,558,535,23,147,1,1,0
6/5/2020,19-Oct,1172,1121,51,255,1,1,0
6/5/2020,20-29,5012,4828,184,1075,4,4,0
6/5/2020,30-39,6125,5940,185,1391,18,18,0
6/5/2020,40-49,6164,5979,185,1400,52,42,10
6/5/2020,50-59,7493,7218,275,1415,161,133,28
6/5/2020,60-69,6298,6058,240,1456,503,430,73
6/5/2020,70-79,4195,3948,247,1610,873,715,158
6/5/2020,80 and older,6664,5992,672,4059,2441,1874,567
6/6/2020,0-9,564,541,23,149,1,1,0
6/6/2020,19-Oct,1179,1128,51,256,1,1,0
6/6/2020,20-29,5038,4853,185,1081,4,4,0
6/6/2020,30-39,6150,5965,185,1397,18,18,0
6/6/2020,40-49,6186,6001,185,1405,52,42,10
6/6/2020,50-59,7515,7242,273,1419,161,133,28
6/6/2020,60-69,6310,6071,239,1458,504,430,74
6/6/2020,70-79,4202,3955,247,1612,877,718,159
6/6/2020,80 and older,6679,6007,672,4068,2452,1882,570
6/7/2020,0-9,566,543,23,149,1,1,0
6/7/2020,19-Oct,1186,1135,51,258,1,1,0
6/7/2020,20-29,5065,4879,186,1087,4,4,0
6/7/2020,30-39,6175,5991,184,1402,19,19,0
6/7/2020,40-49,6200,6015,185,1408,52,42,10
6/7/2020,50-59,7529,7256,273,1422,161,133,28
6/7/2020,60-69,6317,6079,238,1460,506,432,74
6/7/2020,70-79,4214,3966,248,1617,879,719,160
6/7/2020,80 and older,6694,6020,674,4078,2460,1888,572
6/8/2020,0-9,570,548,22,150,1,1,0
6/8/2020,19-Oct,1190,1141,49,259,1,1,0
6/8/2020,20-29,5077,4894,183,1089,4,4,0
6/8/2020,30-39,6191,6013,178,1406,20,20,0
6/8/2020,40-49,6207,6027,180,1409,52,42,10
6/8/2020,50-59,7536,7272,264,1423,162,134,28
6/8/2020,60-69,6331,6108,223,1463,507,433,74
6/8/2020,70-79,4220,3983,237,1619,882,723,159
6/8/2020,80 and older,6711,6063,648,4088,2467,1908,559
6/9/2020,0-9,575,553,22,152,1,1,0
6/9/2020,19-Oct,1203,1156,47,262,1,1,0
6/9/2020,20-29,5098,4923,175,1094,4,4,0
6/9/2020,30-39,6224,6061,163,1413,20,20,0
6/9/2020,40-49,6235,6066,169,1416,52,42,10
6/9/2020,50-59,7553,7322,231,1427,165,136,29
6/9/2020,60-69,6350,6141,209,1468,510,435,75
6/9/2020,70-79,4230,4004,226,1623,888,730,158
6/9/2020,80 and older,6732,6087,645,4101,2478,1914,564
6/10/2020,0-9,579,557,22,153,1,1,0
6/10/2020,19-Oct,1207,1160,47,263,1,1,0
6/10/2020,20-29,5119,4939,180,1098,4,4,0
6/10/2020,30-39,6238,6072,166,1417,20,20,0
6/10/2020,40-49,6244,6074,170,1418,51,41,10
6/10/2020,50-59,7565,7333,232,1429,166,137,29
6/10/2020,60-69,6362,6156,206,1470,511,437,74
6/10/2020,70-79,4246,4019,227,1629,891,731,160
6/10/2020,80 and older,6754,6112,642,4114,2500,1936,564
6/11/2020,0-9,589,567,22,155,1,1,0
6/11/2020,19-Oct,1213,1166,47,264,1,1,0
6/11/2020,20-29,5166,4986,180,1108,4,4,0
6/11/2020,30-39,6306,6141,165,1432,20,20,0
6/11/2020,40-49,6279,6110,169,1426,51,41,10
6/11/2020,50-59,7597,7366,231,1435,166,137,29
6/11/2020,60-69,6375,6169,206,1473,512,438,74
6/11/2020,70-79,4252,4026,226,1631,893,733,160
6/11/2020,80 and older,6764,6122,642,4120,2510,1946,564
6/12/2020,0-9,600,578,22,158,1,1,0
6/12/2020,19-Oct,1229,1180,49,267,1,1,0
6/12/2020,20-29,5219,5039,180,1120,4,4,0
6/12/2020,30-39,6367,6200,167,1446,20,20,0
6/12/2020,40-49,6317,6144,173,1434,51,41,10
6/12/2020,50-59,7626,7394,232,1440,166,137,29
6/12/2020,60-69,6399,6192,207,1479,515,440,75
6/12/2020,70-79,4275,4047,228,1640,899,737,162
6/12/2020,80 and older,6816,6171,645,4152,2528,1961,567
6/13/2020,0-9,602,580,22,159,1,1,0
6/13/2020,19-Oct,1231,1182,49,268,1,1,0
6/13/2020,20-29,5239,5059,180,1124,4,4,0
6/13/2020,30-39,6402,6235,167,1454,20,20,0
6/13/2020,40-49,6338,6167,171,1439,51,41,10
6/13/2020,50-59,7642,7410,232,1443,166,137,29
6/13/2020,60-69,6411,6203,208,1482,516,440,76
6/13/2020,70-79,4280,4053,227,1642,902,740,162
6/13/2020,80 and older,6825,6178,647,4157,2539,1971,568
6/14/2020,0-9,605,581,24,160,1,1,0
6/14/2020,19-Oct,1238,1188,50,269,1,1,0
6/14/2020,20-29,5257,5075,182,1128,4,4,0
6/14/2020,30-39,6414,6244,170,1457,20,20,0
6/14/2020,40-49,6351,6176,175,1442,52,41,11
6/14/2020,50-59,7656,7421,235,1446,166,137,29
6/14/2020,60-69,6419,6211,208,1484,516,440,76
6/14/2020,70-79,4284,4057,227,1644,902,740,162
6/14/2020,80 and older,6833,6185,648,4162,2541,1972,569
6/15/2020,0-9,615,591,24,162,1,1,0
6/15/2020,19-Oct,1278,1227,51,278,1,1,0
6/15/2020,20-29,5342,5155,187,1146,5,5,0
6/15/2020,30-39,6430,6266,164,1460,20,20,0
6/15/2020,40-49,6400,6222,178,1453,55,43,12
6/15/2020,50-59,7682,7447,235,1451,167,138,29
6/15/2020,60-69,6367,6157,210,1472,519,441,78
6/15/2020,70-79,4286,4055,231,1644,915,753,162
6/15/2020,80 and older,6771,6130,641,4125,2526,1960,566
6/16/2020,0-9,620,596,24,164,1,1,0
6/16/2020,19-Oct,1282,1229,53,279,1,1,0
6/16/2020,20-29,5351,5163,188,1148,5,5,0
6/16/2020,30-39,6440,6276,164,1462,20,20,0
6/16/2020,40-49,6407,6227,180,1455,55,43,12
6/16/2020,50-59,7699,7461,238,1454,167,138,29
6/16/2020,60-69,6379,6166,213,1474,519,441,78
6/16/2020,70-79,4291,4060,231,1646,918,756,162
6/16/2020,80 and older,6782,6144,638,4131,2532,1968,564
6/17/2020,0-9,619,595,24,163,1,1,0
6/17/2020,19-Oct,1286,1232,54,280,1,1,0
6/17/2020,20-29,5366,5178,188,1151,5,5,0
6/17/2020,30-39,6452,6287,165,1465,20,20,0
6/17/2020,40-49,6422,6241,181,1458,55,43,12
6/17/2020,50-59,7713,7474,239,1457,167,138,29
6/17/2020,60-69,6387,6174,213,1476,521,443,78
6/17/2020,70-79,4301,4069,232,1650,920,757,163
6/17/2020,80 and older,6787,6148,639,4134,2535,1970,565
6/18/2020,0-9,622,598,24,164,1,1,0
6/18/2020,19-Oct,1293,1240,53,281,1,1,0
6/18/2020,20-29,5393,5204,189,1157,5,5,0
6/18/2020,30-39,6463,6299,164,1468,21,21,0
6/18/2020,40-49,6433,6252,181,1461,55,43,12
6/18/2020,50-59,7728,7490,238,1460,168,139,29
6/18/2020,60-69,6399,6186,213,1479,521,443,78
6/18/2020,70-79,4313,4081,232,1655,922,758,164
6/18/2020,80 and older,6806,6165,641,4146,2543,1974,569
6/19/2020,0-9,628,604,24,166,1,1,0
6/19/2020,19-Oct,1297,1244,53,282,1,1,0
6/19/2020,20-29,5426,5233,193,1164,5,5,0
6/19/2020,30-39,6484,6320,164,1472,21,21,0
6/19/2020,40-49,6455,6275,180,1466,56,44,12
6/19/2020,50-59,7750,7513,237,1464,169,140,29
6/19/2020,60-69,6417,6204,213,1483,520,442,78
6/19/2020,70-79,4327,4091,236,1660,929,761,168
6/19/2020,80 and older,6822,6182,640,4156,2548,1979,569
6/20/2020,0-9,634,610,24,167,1,1,0
6/20/2020,19-Oct,1299,1246,53,283,1,1,0
6/20/2020,20-29,5431,5239,192,1165,5,5,0
6/20/2020,30-39,6490,6326,164,1474,21,21,0
6/20/2020,40-49,6462,6282,180,1467,56,44,12
6/20/2020,50-59,7754,7517,237,1465,169,140,29
6/20/2020,60-69,6421,6207,214,1484,521,442,79
6/20/2020,70-79,4329,4093,236,1661,933,765,168
6/20/2020,80 and older,6826,6185,641,4158,2552,1982,570
6/21/2020,0-9,634,610,24,167,1,1,0
6/21/2020,19-Oct,1300,1247,53,283,1,1,0
6/21/2020,20-29,5439,5245,194,1167,5,5,0
6/21/2020,30-39,6490,6326,164,1474,21,21,0
6/21/2020,40-49,6466,6283,183,1468,56,44,12
6/21/2020,50-59,7760,7522,238,1466,169,140,29
6/21/2020,60-69,6425,6210,215,1485,521,442,79
6/21/2020,70-79,4331,4094,237,1662,935,766,169
6/21/2020,80 and older,6828,6186,642,4159,2553,1983,570
6/22/2020,0-9,634,611,23,167,1,1,0
6/22/2020,19-Oct,1303,1250,53,283,1,1,0
6/22/2020,20-29,5463,5269,194,1172,4,4,0
6/22/2020,30-39,6509,6345,164,1478,21,21,0
6/22/2020,40-49,6472,6289,183,1469,56,44,12
6/22/2020,50-59,7771,7535,236,1468,170,141,29
6/22/2020,60-69,6445,6234,211,1490,522,444,78
6/22/2020,70-79,4343,4109,234,1666,935,769,166
6/22/2020,80 and older,6850,6202,648,4173,2566,1989,577
6/23/2020,0-9,635,612,23,167,1,1,0
6/23/2020,19-Oct,1304,1251,53,284,1,1,0
6/23/2020,20-29,5466,5272,194,1173,4,4,0
6/23/2020,30-39,6512,6348,164,1479,21,21,0
6/23/2020,40-49,6474,6291,183,1470,56,44,12
6/23/2020,50-59,7772,7536,236,1468,171,142,29
6/23/2020,60-69,6445,6234,211,1490,523,445,78
6/23/2020,70-79,4345,4111,234,1667,935,769,166
6/23/2020,80 and older,6851,6202,649,4173,2574,1996,578
6/24/2020,0-9,637,614,23,168,1,1,0
6/24/2020,19-Oct,1310,1257,53,285,1,1,0
6/24/2020,20-29,5489,5290,199,1178,4,4,0
6/24/2020,30-39,6526,6358,168,1482,21,21,0
6/24/2020,40-49,6488,6301,187,1473,56,44,12
6/24/2020,50-59,7778,7540,238,1469,171,142,29
6/24/2020,60-69,6451,6241,210,1491,525,447,78
6/24/2020,70-79,4347,4110,237,1668,939,772,167
6/24/2020,80 and older,6858,6209,649,4178,2579,2002,577
6/25/2020,0-9,639,616,23,169,1,1,0
6/25/2020,19-Oct,1315,1262,53,286,1,1,0
6/25/2020,20-29,5502,5305,197,1181,4,4,0
6/25/2020,30-39,6536,6368,168,1484,21,21,0
6/25/2020,40-49,6493,6307,186,1474,56,44,12
6/25/2020,50-59,7785,7548,237,1470,172,143,29
6/25/2020,60-69,6458,6248,210,1493,526,447,79
6/25/2020,70-79,4355,4118,237,1671,940,773,167
6/25/2020,80 and older,6866,6217,649,4182,2584,2006,578
6/26/2020,0-9,645,621,24,170,1,1,0
6/26/2020,19-Oct,1320,1266,54,287,1,1,0
6/26/2020,20-29,5530,5332,198,1187,4,4,0
6/26/2020,30-39,6549,6379,170,1487,21,21,0
6/26/2020,40-49,6510,6325,185,1478,56,44,12
6/26/2020,50-59,7807,7569,238,1475,173,144,29
6/26/2020,60-69,6474,6265,209,1496,526,447,79
6/26/2020,70-79,4367,4128,239,1676,941,773,168
6/26/2020,80 and older,6895,6244,651,4200,2586,2008,578
6/27/2020,0-9,645,621,24,170,1,1,0
6/27/2020,19-Oct,1334,1281,53,290,1,1,0
6/27/2020,20-29,5556,5358,198,1192,4,4,0
6/27/2020,30-39,6562,6392,170,1490,21,21,0
6/27/2020,40-49,6526,6341,185,1482,56,44,12
6/27/2020,50-59,7819,7582,237,1477,174,145,29
6/27/2020,60-69,6482,6273,209,1498,528,449,79
6/27/2020,70-79,4372,4133,239,1677,941,773,168
6/27/2020,80 and older,6899,6248,651,4202,2588,2010,578
6/28/2020,0-9,647,623,24,171,1,1,0
6/28/2020,19-Oct,1345,1292,53,293,1,1,0
6/28/2020,20-29,5575,5377,198,1196,4,4,0
6/28/2020,30-39,6579,6410,169,1494,21,21,0
6/28/2020,40-49,6544,6358,186,1486,56,44,12
6/28/2020,50-59,7833,7594,239,1479,176,146,30
6/28/2020,60-69,6494,6283,211,1501,531,451,80
6/28/2020,70-79,4382,4143,239,1681,941,773,168
6/28/2020,80 and older,6904,6253,651,4206,2589,2010,579
6/29/2020,0-9,655,631,24,173,1,1,0
6/29/2020,19-Oct,1362,1307,55,296,1,1,0
6/29/2020,20-29,5610,5411,199,1204,4,4,0
6/29/2020,30-39,6598,6430,168,1498,21,21,0
6/29/2020,40-49,6561,6376,185,1490,56,44,12
6/29/2020,50-59,7857,7618,239,1484,176,146,30
6/29/2020,60-69,6509,6296,213,1504,531,451,80
6/29/2020,70-79,4393,4155,238,1685,942,774,168
6/29/2020,80 and older,6910,6259,651,4209,2590,2011,579
6/30/2020,0-9,658,634,24,174,1,1,0
6/30/2020,19-Oct,1366,1311,55,297,1,1,0
6/30/2020,20-29,5625,5424,201,1207,4,4,0
6/30/2020,30-39,6610,6442,168,1501,21,21,0
6/30/2020,40-49,6570,6385,185,1492,56,44,12
6/30/2020,50-59,7863,7625,238,1485,176,146,30
6/30/2020,60-69,6517,6303,214,1506,532,451,81
6/30/2020,70-79,4395,4157,238,1686,943,775,168
6/30/2020,80 and older,6909,6261,648,4209,2590,2014,576
7/1/2020,0-9,660,637,23,174,1,1,0
7/1/2020,19-Oct,1369,1314,55,298,1,1,0
7/1/2020,20-29,5637,5436,201,1210,4,4,0
7/1/2020,30-39,6620,6452,168,1503,21,21,0
7/1/2020,40-49,6579,6395,184,1494,56,44,12
7/1/2020,50-59,7873,7636,237,1487,176,146,30
7/1/2020,60-69,6526,6313,213,1508,532,451,81
7/1/2020,70-79,4398,4160,238,1687,943,775,168
7/1/2020,80 and older,6926,6279,647,4219,2592,2016,576
7/2/2020,0-9,663,640,23,175,1,1,0
7/2/2020,19-Oct,1374,1320,54,299,1,1,0
7/2/2020,20-29,5657,5455,202,1214,4,4,0
7/2/2020,30-39,6631,6464,167,1506,21,21,0
7/2/2020,40-49,6587,6403,184,1496,56,44,12
7/2/2020,50-59,7880,7645,235,1488,176,146,30
7/2/2020,60-69,6529,6316,213,1509,533,452,81
7/2/2020,70-79,4400,4162,238,1688,945,777,168
7/2/2020,80 and older,6938,6286,652,4226,2598,2017,581
7/5/2020,0-9,668,645,23,176,1,1,0
7/5/2020,19-Oct,1400,1346,54,304,1,1,0
7/5/2020,20-29,5734,5530,204,1230,4,4,0
7/5/2020,30-39,6662,6494,168,1513,21,21,0
7/5/2020,40-49,6614,6430,184,1502,56,44,12
7/5/2020,50-59,7921,7687,234,1496,176,146,30
7/5/2020,60-69,6551,6337,214,1514,533,452,81
7/5/2020,70-79,4416,4178,238,1694,945,777,168
7/5/2020,80 and older,6952,6300,652,4235,2601,2020,581
7/6/2020,0-9,670,647,23,177,1,1,0
7/6/2020,19-Oct,1403,1349,54,305,1,1,0
7/6/2020,20-29,5750,5547,203,1234,4,4,0
7/6/2020,30-39,6670,6502,168,1515,21,21,0
7/6/2020,40-49,6622,6438,184,1504,56,44,12
7/6/2020,50-59,7926,7692,234,1497,176,146,30
7/6/2020,60-69,6565,6352,213,1517,533,452,81
7/6/2020,70-79,4417,4179,238,1695,945,777,168
7/6/2020,80 and older,6952,6300,652,4235,2601,2020,581
7/7/2020,0-9,674,651,23,178,1,1,0
7/7/2020,19-Oct,1412,1357,55,307,1,1,0
7/7/2020,20-29,5761,5558,203,1236,4,4,0
7/7/2020,30-39,6685,6516,169,1518,21,21,0
7/7/2020,40-49,6633,6448,185,1506,56,44,12
7/7/2020,50-59,7935,7701,234,1499,176,146,30
7/7/2020,60-69,6574,6360,214,1519,535,453,82
7/7/2020,70-79,4424,4186,238,1697,946,778,168
7/7/2020,80 and older,6955,6304,651,4237,2603,2023,580
7/8/2020,0-9,678,655,23,179,1,1,0
7/8/2020,19-Oct,1422,1366,56,309,1,1,0
7/8/2020,20-29,5792,5588,204,1243,4,4,0
7/8/2020,30-39,6701,6532,169,1522,21,21,0
7/8/2020,40-49,6645,6457,188,1509,56,44,12
7/8/2020,50-59,7945,7709,236,1501,176,146,30
7/8/2020,60-69,6579,6366,213,1521,537,455,82
7/8/2020,70-79,4430,4192,238,1700,947,779,168
7/8/2020,80 and older,6961,6310,651,4240,2605,2025,580
7/9/2020,0-9,682,659,23,180,1,1,0
7/9/2020,19-Oct,1430,1374,56,311,1,1,0
7/9/2020,20-29,5807,5603,204,1246,4,4,0
7/9/2020,30-39,6707,6540,167,1523,21,21,0
7/9/2020,40-49,6655,6468,187,1511,56,44,12
7/9/2020,50-59,7956,7721,235,1503,176,146,30
7/9/2020,60-69,6589,6378,211,1523,537,455,82
7/9/2020,70-79,4434,4196,238,1701,947,779,168
7/9/2020,80 and older,6971,6320,651,4246,2605,2025,580
7/12/2020,0-9,689,666,23,182,1,1,0
7/12/2020,19-Oct,1458,1401,57,317,1,1,0
7/12/2020,20-29,5863,5658,205,1258,4,4,0
7/12/2020,30-39,6741,6573,168,1531,21,21,0
7/12/2020,40-49,6680,6493,187,1517,56,44,12
7/12/2020,50-59,7989,7752,237,1509,176,146,30
7/12/2020,60-69,6607,6396,211,1527,542,459,83
7/12/2020,70-79,4441,4207,234,1704,951,783,168
7/12/2020,80 and older,6986,6328,658,4255,2619,2033,586
7/13/2020,0-9,688,665,23,181,1,1,0
7/13/2020,19-Oct,1464,1406,58,318,1,1,0
7/13/2020,20-29,5871,5666,205,1260,4,4,0
7/13/2020,30-39,6743,6575,168,1531,21,21,0
7/13/2020,40-49,6679,6492,187,1516,57,45,12
7/13/2020,50-59,7991,7754,237,1509,178,148,30
7/13/2020,60-69,6608,6398,210,1527,540,458,82
7/13/2020,70-79,4443,4209,234,1705,952,784,168
7/13/2020,80 and older,6986,6332,654,4255,2618,2035,583
7/14/2020,0-9,693,670,23,183,1,1,0
7/14/2020,19-Oct,1473,1415,58,320,1,1,0
7/14/2020,20-29,5892,5687,205,1264,4,4,0
7/14/2020,30-39,6762,6594,168,1536,21,21,0
7/14/2020,40-49,6691,6504,187,1519,57,45,12
7/14/2020,50-59,8003,7766,237,1512,178,148,30
7/14/2020,60-69,6621,6411,210,1530,540,458,82
7/14/2020,70-79,4449,4215,234,1707,956,788,168
7/14/2020,80 and older,6992,6338,654,4259,2622,2039,583
7/15/2020,0-9,693,671,22,183,1,1,0
7/15/2020,19-Oct,1486,1429,57,323,1,1,0
7/15/2020,20-29,5925,5721,204,1271,4,4,0
7/15/2020,30-39,6779,6610,169,1539,21,21,0
7/15/2020,40-49,6704,6517,187,1522,57,45,12
7/15/2020,50-59,8021,7784,237,1515,178,148,30
7/15/2020,60-69,6641,6431,210,1535,542,460,82
7/15/2020,70-79,4448,4216,232,1707,956,789,167
7/15/2020,80 and older,6995,6341,654,4261,2629,2046,583
7/16/2020,0-9,697,675,22,184,1,1,0
7/16/2020,19-Oct,1500,1443,57,326,1,1,0
7/16/2020,20-29,5950,5745,205,1277,4,4,0
7/16/2020,30-39,6799,6630,169,1544,21,21,0
7/16/2020,40-49,6721,6534,187,1526,56,44,12
7/16/2020,50-59,8042,7804,238,1519,181,150,31
7/16/2020,60-69,6658,6448,210,1539,542,460,82
7/16/2020,70-79,4458,4225,233,1710,957,789,168
7/16/2020,80 and older,7011,6356,655,4271,2633,2049,584
7/19/2020,0-9,703,681,22,185,1,1,0
7/19/2020,19-Oct,1522,1465,57,331,1,1,0
7/19/2020,20-29,5994,5790,204,1286,4,4,0
7/19/2020,30-39,6821,6652,169,1549,21,21,0
7/19/2020,40-49,6745,6559,186,1531,56,44,12
7/19/2020,50-59,8062,7824,238,1523,181,150,31
7/19/2020,60-69,6662,6452,210,1540,542,460,82
7/19/2020,70-79,4466,4234,232,1714,958,790,168
7/19/2020,80 and older,7024,6365,659,4279,2642,2054,588
7/20/2020,0-9,705,683,22,186,1,1,0
7/20/2020,19-Oct,1535,1478,57,334,1,1,0
7/20/2020,20-29,6004,5800,204,1288,4,4,0
7/20/2020,30-39,6829,6660,169,1551,21,21,0
7/20/2020,40-49,6751,6565,186,1533,56,44,12
7/20/2020,50-59,8067,7832,235,1524,180,150,30
7/20/2020,60-69,6662,6452,210,1540,542,460,82
7/20/2020,70-79,4463,4232,231,1712,958,791,167
7/20/2020,80 and older,7024,6365,659,4279,2643,2055,588
7/21/2020,0-9,713,691,22,188,1,1,0
7/21/2020,19-Oct,1555,1490,65,338,1,1,0
7/21/2020,20-29,6031,5819,212,1294,4,4,0
7/21/2020,30-39,6842,6668,174,1554,21,21,0
7/21/2020,40-49,6758,6570,188,1534,56,44,12
7/21/2020,50-59,8091,7848,243,1528,180,150,30
7/21/2020,60-69,6674,6457,217,1543,542,460,82
7/21/2020,70-79,4471,4238,233,1715,957,790,167
7/21/2020,80 and older,7033,6374,659,4284,2644,2056,588
7/22/2020,0-9,714,692,22,188,1,1,0
7/22/2020,19-Oct,1563,1498,65,340,1,1,0
7/22/2020,20-29,6050,5838,212,1298,4,4,0
7/22/2020,30-39,6856,6683,173,1557,21,21,0
7/22/2020,40-49,6766,6578,188,1536,56,44,12
7/22/2020,50-59,8096,7854,242,1529,180,150,30
7/22/2020,60-69,6674,6456,218,1543,543,460,83
7/22/2020,70-79,4464,4231,233,1713,960,793,167
7/22/2020,80 and older,6994,6335,659,4260,2644,2056,588
7/23/2020,0-9,730,709,21,193,1,1,0
7/23/2020,19-Oct,1645,1585,60,358,1,1,0
7/23/2020,20-29,6170,5975,195,1324,4,4,0
7/23/2020,30-39,6938,6774,164,1576,21,21,0
7/23/2020,40-49,6844,6663,181,1554,56,44,12
7/23/2020,50-59,8165,7930,235,1542,180,150,30
7/23/2020,60-69,6724,6508,216,1554,543,460,83
7/23/2020,70-79,4483,4252,231,1720,960,793,167
7/23/2020,80 and older,7022,6362,660,4277,2647,2057,590
7/26/2020,0-9,744,723,21,196,1,1,0
7/26/2020,19-Oct,1690,1620,70,368,1,1,0
7/26/2020,20-29,6225,6026,199,1336,4,4,0
7/26/2020,30-39,6979,6815,164,1585,21,21,0
7/26/2020,40-49,6857,6673,184,1557,56,44,12
7/26/2020,50-59,8190,7953,237,1547,180,150,30
7/26/2020,60-69,6730,6513,217,1556,542,459,83
7/26/2020,70-79,4491,4260,231,1723,961,794,167
7/26/2020,80 and older,7022,6363,659,4277,2652,2062,590
7/27/2020,0-9,749,728,21,198,1,1,0
7/27/2020,19-Oct,1709,1640,69,372,1,1,0
7/27/2020,20-29,6244,6045,199,1340,4,4,0
7/27/2020,30-39,6991,6827,164,1588,21,21,0
7/27/2020,40-49,6870,6686,184,1560,57,45,12
7/27/2020,50-59,8202,7965,237,1549,181,151,30
7/27/2020,60-69,6736,6519,217,1557,542,459,83
7/27/2020,70-79,4496,4266,230,1725,962,796,166
7/27/2020,80 and older,7025,6365,660,4279,2654,2063,591
7/28/2020,0-9,757,736,21,200,1,1,0
7/28/2020,19-Oct,1740,1676,64,378,1,1,0
7/28/2020,20-29,6330,6141,189,1358,4,4,0
7/28/2020,30-39,7099,6936,163,1612,21,21,0
7/28/2020,40-49,6948,6766,182,1578,57,45,12
7/28/2020,50-59,8282,8050,232,1564,182,152,30
7/28/2020,60-69,6775,6564,211,1566,542,460,82
7/28/2020,70-79,4508,4278,230,1730,962,796,166
7/28/2020,80 and older,7046,6386,660,4292,2655,2064,591
7/29/2020,0-9,763,742,21,201,1,1,0
7/29/2020,19-Oct,1775,1711,64,386,1,1,0
7/29/2020,20-29,6357,6168,189,1364,4,4,0
7/29/2020,30-39,7122,6962,160,1617,21,21,0
7/29/2020,40-49,6953,6771,182,1579,57,45,12
7/29/2020,50-59,8299,8069,230,1567,182,152,30
7/29/2020,60-69,6784,6574,210,1568,542,460,82
7/29/2020,70-79,4514,4284,230,1732,964,798,166
7/29/2020,80 and older,7048,6388,660,4293,2659,2068,591
7/30/2020,0-9,775,753,22,204,1,1,0
7/30/2020,19-Oct,1797,1732,65,391,1,1,0
7/30/2020,20-29,6395,6206,189,1372,4,4,0
7/30/2020,30-39,7149,6987,162,1624,21,21,0
7/30/2020,40-49,6974,6793,181,1583,57,45,12
7/30/2020,50-59,8315,8084,231,1571,182,152,30
7/30/2020,60-69,6789,6579,210,1569,543,461,82
7/30/2020,70-79,4513,4284,229,1732,964,798,166
7/30/2020,80 and older,7048,6388,660,4293,2659,2068,591
8/2/2020,0-9,788,766,22,208,1,1,0
8/2/2020,19-Oct,1841,1775,66,400,1,1,0
8/2/2020,20-29,6450,6256,194,1384,4,4,0
8/2/2020,30-39,7199,7035,164,1635,21,21,0
8/2/2020,40-49,7012,6829,183,1592,57,45,12
8/2/2020,50-59,8344,8111,233,1576,182,152,30
8/2/2020,60-69,6804,6594,210,1573,544,462,82
8/2/2020,70-79,4519,4289,230,1734,966,799,167
8/2/2020,80 and older,7051,6391,660,4295,2661,2070,591
8/3/2020,0-9,786,764,22,207,1,1,0
8/3/2020,19-Oct,1848,1782,66,402,1,1,0
8/3/2020,20-29,6463,6269,194,1387,4,4,0
8/3/2020,30-39,7208,7045,163,1637,21,21,0
8/3/2020,40-49,7022,6838,184,1594,57,45,12
8/3/2020,50-59,8347,8115,232,1577,182,152,30
8/3/2020,60-69,6808,6598,210,1574,544,462,82
8/3/2020,70-79,4522,4292,230,1735,966,799,167
8/3/2020,80 and older,7052,6392,660,4296,2661,2070,591
8/4/2020,0-9,793,771,22,209,1,1,0
8/4/2020,19-Oct,1869,1802,67,406,1,1,0
8/4/2020,20-29,6481,6287,194,1391,4,4,0
8/4/2020,30-39,7231,7068,163,1642,21,21,0
8/4/2020,40-49,7042,6859,183,1599,57,45,12
8/4/2020,50-59,8358,8127,231,1579,182,152,30
8/4/2020,60-69,6816,6606,210,1575,544,462,82
8/4/2020,70-79,4527,4297,230,1737,966,799,167
8/4/2020,80 and older,7054,6394,660,4297,2661,2070,591
8/5/2020,0-9,792,770,22,209,1,1,0
8/5/2020,19-Oct,1871,1804,67,407,1,1,0
8/5/2020,20-29,6484,6289,195,1391,4,4,0
8/5/2020,30-39,7233,7069,164,1643,21,21,0
8/5/2020,40-49,7046,6863,183,1600,57,45,12
8/5/2020,50-59,8363,8129,234,1580,182,152,30
8/5/2020,60-69,6817,6607,210,1576,544,462,82
8/5/2020,70-79,4529,4299,230,1738,967,800,167
8/5/2020,80 and older,7054,6394,660,4297,2660,2069,591
8/6/2020,0-9,795,772,23,210,1,1,0
8/6/2020,19-Oct,1880,1813,67,409,1,1,0
8/6/2020,20-29,6499,6304,195,1395,4,4,0
8/6/2020,30-39,7239,7076,163,1644,21,21,0
8/6/2020,40-49,7056,6872,184,1602,57,45,12
8/6/2020,50-59,8380,8146,234,1583,182,152,30
8/6/2020,60-69,6826,6615,211,1578,544,462,82
8/6/2020,70-79,4531,4301,230,1738,967,800,167
8/6/2020,80 and older,7056,6395,661,4298,2664,2072,592
8/9/2020,0-9,810,787,23,214,1,1,0
8/9/2020,19-Oct,1915,1847,68,416,1,1,0
8/9/2020,20-29,6547,6348,199,1405,4,4,0
8/9/2020,30-39,7281,7115,166,1653,21,21,0
8/9/2020,40-49,7101,6912,189,1612,57,45,12
8/9/2020,50-59,8414,8180,234,1589,182,152,30
8/9/2020,60-69,6844,6633,211,1582,544,462,82
8/9/2020,70-79,4538,4307,231,1741,967,800,167
8/9/2020,80 and older,7059,6397,662,4300,2667,2074,593
8/10/2020,0-9,817,794,23,215,1,1,0
8/10/2020,19-Oct,1927,1858,69,419,1,1,0
8/10/2020,20-29,6572,6370,202,1410,4,4,0
8/10/2020,30-39,7297,7132,165,1657,21,21,0
8/10/2020,40-49,7118,6929,189,1616,57,45,12
8/10/2020,50-59,8430,8194,236,1592,182,152,30
8/10/2020,60-69,6853,6642,211,1584,544,462,82
8/10/2020,70-79,4547,4316,231,1745,967,800,167
8/10/2020,80 and older,7063,6402,661,4302,2667,2075,592
8/11/2020,0-9,817,794,23,215,1,1,0
8/11/2020,19-Oct,1932,1862,70,420,1,1,0
8/11/2020,20-29,6573,6371,202,1410,4,4,0
8/11/2020,30-39,7299,7134,165,1658,21,21,0
8/11/2020,40-49,7121,6931,190,1617,57,45,12
8/11/2020,50-59,8435,8197,238,1593,182,152,30
8/11/2020,60-69,6856,6645,211,1585,546,463,83
8/11/2020,70-79,4549,4316,233,1745,968,801,167
8/11/2020,80 and older,7064,6402,662,4303,2670,2078,592
8/12/2020,0-9,820,797,23,216,1,1,0
8/12/2020,19-Oct,1947,1877,70,423,1,1,0
8/12/2020,20-29,6591,6386,205,1414,4,4,0
8/12/2020,30-39,7314,7146,168,1661,21,21,0
8/12/2020,40-49,7132,6941,191,1619,57,45,12
8/12/2020,50-59,8440,8202,238,1594,182,152,30
8/12/2020,60-69,6867,6656,211,1587,546,463,83
8/12/2020,70-79,4550,4317,233,1746,968,801,167
8/12/2020,80 and older,7067,6405,662,4305,2670,2078,592
8/13/2020,0-9,826,804,22,218,1,1,0
8/13/2020,19-Oct,1955,1886,69,425,1,1,0
8/13/2020,20-29,6620,6415,205,1420,4,4,0
8/13/2020,30-39,7331,7164,167,1665,21,21,0
8/13/2020,40-49,7151,6959,192,1624,57,45,12
8/13/2020,50-59,8455,8216,239,1597,182,152,30
8/13/2020,60-69,6879,6667,212,1590,546,463,83
8/13/2020,70-79,4556,4321,235,1748,968,801,167
8/13/2020,80 and older,7071,6409,662,4307,2673,2081,592
8/16/2020,0-9,846,823,23,223,1,1,0
8/16/2020,19-Oct,2009,1939,70,437,1,1,0
8/16/2020,20-29,6694,6487,207,1436,4,4,0
8/16/2020,30-39,7407,7237,170,1682,21,21,0
8/16/2020,40-49,7205,7012,193,1636,57,45,12
8/16/2020,50-59,8502,8261,241,1606,182,152,30
8/16/2020,60-69,6900,6691,209,1595,546,463,83
8/16/2020,70-79,4572,4337,235,1754,971,804,167
8/16/2020,80 and older,7079,6418,661,4312,2673,2081,592
8/17/2020,0-9,846,823,23,223,1,1,0
8/17/2020,19-Oct,2012,1941,71,438,1,1,0
8/17/2020,20-29,6697,6490,207,1437,4,4,0
8/17/2020,30-39,7407,7236,171,1682,21,21,0
8/17/2020,40-49,7204,7011,193,1636,57,45,12
8/17/2020,50-59,8500,8259,241,1605,182,152,30
8/17/2020,60-69,6897,6688,209,1594,546,463,83
8/17/2020,70-79,4567,4332,235,1752,971,804,167
8/17/2020,80 and older,7072,6410,662,4308,2673,2080,593
8/18/2020,0-9,848,825,23,224,1,1,0
8/18/2020,19-Oct,2023,1950,73,440,1,1,0
8/18/2020,20-29,6707,6497,210,1439,4,4,0
8/18/2020,30-39,7419,7249,170,1685,21,21,0
8/18/2020,40-49,7211,7017,194,1637,57,45,12
8/18/2020,50-59,8510,8268,242,1607,182,152,30
8/18/2020,60-69,6901,6692,209,1595,546,463,83
8/18/2020,70-79,4567,4332,235,1752,971,804,167
8/18/2020,80 and older,7075,6413,662,4310,2674,2081,593
8/19/2020,0-9,856,833,23,226,1,1,0
8/19/2020,19-Oct,2035,1962,73,443,1,1,0
8/19/2020,20-29,6733,6520,213,1445,4,4,0
8/19/2020,30-39,7436,7264,172,1689,21,21,0
8/19/2020,40-49,7225,7032,193,1640,57,45,12
8/19/2020,50-59,8529,8285,244,1611,182,152,30
8/19/2020,60-69,6910,6701,209,1597,546,463,83
8/19/2020,70-79,4575,4341,234,1755,971,804,167
8/19/2020,80 and older,7080,6418,662,4313,2675,2081,594
8/20/2020,0-9,862,839,23,227,1,1,0
8/20/2020,19-Oct,2050,1975,75,446,1,1,0
8/20/2020,20-29,6751,6536,215,1449,4,4,0
8/20/2020,30-39,7442,7268,174,1690,21,21,0
8/20/2020,40-49,7237,7042,195,1643,57,45,12
8/20/2020,50-59,8540,8293,247,1613,183,153,30
8/20/2020,60-69,6919,6709,210,1599,546,463,83
8/20/2020,70-79,4578,4344,234,1756,972,805,167
8/20/2020,80 and older,7087,6425,662,4317,2675,2081,594
8/23/2020,0-9,890,864,26,235,1,1,0
8/23/2020,19-Oct,2124,2046,78,462,1,1,0
8/23/2020,20-29,6872,6648,224,1475,4,4,0
8/23/2020,30-39,7533,7351,182,1711,21,21,0
8/23/2020,40-49,7305,7106,199,1659,57,45,12
8/23/2020,50-59,8606,8359,247,1625,183,153,30
8/23/2020,60-69,6940,6730,210,1604,546,463,83
8/23/2020,70-79,4594,4358,236,1763,972,805,167
8/23/2020,80 and older,7094,6432,662,4321,2675,2081,594
8/24/2020,0-9,894,868,26,236,1,1,0
8/24/2020,19-Oct,2129,2051,78,463,1,1,0
8/24/2020,20-29,6884,6659,225,1477,4,4,0
8/24/2020,30-39,7542,7361,181,1713,21,21,0
8/24/2020,40-49,7308,7108,200,1659,57,45,12
8/24/2020,50-59,8611,8364,247,1626,183,153,30
8/24/2020,60-69,6944,6734,210,1605,546,463,83
8/24/2020,70-79,4594,4358,236,1763,975,808,167
8/24/2020,80 and older,7090,6432,658,4319,2675,2084,591
8/25/2020,0-9,904,878,26,238,1,1,0
8/25/2020,19-Oct,2152,2072,80,468,1,1,0
8/25/2020,20-29,6936,6704,232,1488,4,4,0
8/25/2020,30-39,7573,7390,183,1720,21,21,0
8/25/2020,40-49,7338,7138,200,1666,57,45,12
8/25/2020,50-59,8633,8384,249,1631,183,153,30
8/25/2020,60-69,6958,6746,212,1608,546,463,83
8/25/2020,70-79,4598,4361,237,1764,974,806,168
8/25/2020,80 and older,7094,6435,659,4321,2676,2085,591
8/26/2020,0-9,912,885,27,241,1,1,0
8/26/2020,19-Oct,2178,2096,82,474,1,1,0
8/26/2020,20-29,6965,6733,232,1495,4,4,0
8/26/2020,30-39,7600,7415,185,1726,21,21,0
8/26/2020,40-49,7351,7150,201,1669,57,45,12
8/26/2020,50-59,8650,8399,251,1634,183,153,30
8/26/2020,60-69,6969,6757,212,1611,547,463,84
8/26/2020,70-79,4602,4364,238,1766,975,807,168
8/26/2020,80 and older,7096,6437,659,4322,2676,2084,592
8/27/2020,0-9,922,895,27,243,1,1,0
8/27/2020,19-Oct,2210,2125,85,481,1,1,0
8/27/2020,20-29,7004,6764,240,1503,4,4,0
8/27/2020,30-39,7622,7435,187,1731,21,21,0
8/27/2020,40-49,7366,7165,201,1672,57,45,12
8/27/2020,50-59,8662,8411,251,1636,183,153,30
8/27/2020,60-69,6978,6766,212,1613,547,463,84
8/27/2020,70-79,4606,4368,238,1767,975,807,168
8/27/2020,80 and older,7098,6439,659,4324,2676,2084,592
8/30/2020,0-9,941,915,26,248,1,1,0
8/30/2020,19-Oct,2273,2187,86,494,1,1,0
8/30/2020,20-29,7102,6856,246,1524,4,4,0
8/30/2020,30-39,7692,7503,189,1747,21,21,0
8/30/2020,40-49,7417,7212,205,1684,57,45,12
8/30/2020,50-59,8717,8459,258,1646,183,153,30
8/30/2020,60-69,6994,6782,212,1617,547,463,84
8/30/2020,70-79,4610,4373,237,1769,974,807,167
8/30/2020,80 and older,7106,6447,659,4329,2677,2085,592
8/31/2020,0-9,945,919,26,249,1,1,0
8/31/2020,19-Oct,2291,2206,85,498,1,1,0
8/31/2020,20-29,7144,6898,246,1533,4,4,0
8/31/2020,30-39,7718,7529,189,1753,21,21,0
8/31/2020,40-49,7422,7218,204,1685,57,45,12
8/31/2020,50-59,8732,8475,257,1649,183,153,30
8/31/2020,60-69,6999,6787,212,1618,547,463,84
8/31/2020,70-79,4618,4381,237,1772,975,808,167
8/31/2020,80 and older,7110,6451,659,4331,2677,2085,592
9/1/2020,0-9,949,922,27,250,1,1,0
9/1/2020,19-Oct,2314,2226,88,503,1,1,0
9/1/2020,20-29,7161,6913,248,1537,4,4,0
9/1/2020,30-39,7737,7549,188,1757,21,21,0
9/1/2020,40-49,7433,7228,205,1688,57,45,12
9/1/2020,50-59,8746,8488,258,1652,183,153,30
9/1/2020,60-69,7008,6796,212,1620,547,463,84
9/1/2020,70-79,4621,4384,237,1773,976,809,167
9/1/2020,80 and older,7112,6453,659,4332,2677,2085,592
9/2/2020,0-9,953,926,27,251,1,1,0
9/2/2020,19-Oct,2331,2241,90,507,1,1,0
9/2/2020,20-29,7188,6939,249,1542,4,4,0
9/2/2020,30-39,7748,7560,188,1760,21,21,0
9/2/2020,40-49,7444,7240,204,1690,57,45,12
9/2/2020,50-59,8760,8501,259,1655,183,153,30
9/2/2020,60-69,7017,6805,212,1622,548,464,84
9/2/2020,70-79,4623,4386,237,1774,976,809,167
9/2/2020,80 and older,7118,6459,659,4336,2677,2085,592
9/3/2020,0-9,960,932,28,253,1,1,0
9/3/2020,19-Oct,2357,2267,90,513,1,1,0
9/3/2020,20-29,7234,6981,253,1552,4,4,0
9/3/2020,30-39,7764,7574,190,1763,21,21,0
9/3/2020,40-49,7465,7258,207,1695,57,45,12
9/3/2020,50-59,8779,8520,259,1658,183,153,30
9/3/2020,60-69,7028,6815,213,1624,548,464,84
9/3/2020,70-79,4630,4393,237,1776,976,809,167
9/3/2020,80 and older,7121,6462,659,4338,2677,2085,592
9/7/2020,0-9,972,944,28,256,1,1,0
9/7/2020,19-Oct,2438,2337,101,530,1,1,0
9/7/2020,20-29,7355,7091,264,1578,4,4,0
9/7/2020,30-39,7832,7629,203,1779,21,21,0
9/7/2020,40-49,7499,7289,210,1703,58,46,12
9/7/2020,50-59,8829,8567,262,1668,184,154,30
9/7/2020,60-69,7051,6837,214,1630,550,466,84
9/7/2020,70-79,4648,4410,238,1783,977,810,167
9/7/2020,80 and older,7131,6471,660,4344,2678,2086,592
9/8/2020,0-9,975,947,28,257,1,1,0
9/8/2020,19-Oct,2459,2350,109,535,1,1,0
9/8/2020,20-29,7383,7114,269,1584,4,4,0
9/8/2020,30-39,7845,7640,205,1782,21,21,0
9/8/2020,40-49,7504,7294,210,1704,58,46,12
9/8/2020,50-59,8840,8577,263,1670,184,154,30
9/8/2020,60-69,7053,6838,215,1630,550,466,84
9/8/2020,70-79,4649,4411,238,1784,977,810,167
9/8/2020,80 and older,7136,6476,660,4347,2678,2086,592
9/9/2020,0-9,981,952,29,259,1,1,0
9/9/2020,19-Oct,2490,2382,108,542,1,1,0
9/9/2020,20-29,7455,7180,275,1600,4,4,0
9/9/2020,30-39,7874,7667,207,1788,21,21,0
9/9/2020,40-49,7535,7324,211,1711,58,46,12
9/9/2020,50-59,8864,8599,265,1674,184,154,30
9/9/2020,60-69,7072,6857,215,1635,552,468,84
9/9/2020,70-79,4654,4416,238,1786,978,811,167
9/9/2020,80 and older,7141,6481,660,4350,2679,2087,592
9/10/2020,0-9,993,964,29,262,1,1,0
9/10/2020,19-Oct,2540,2427,113,552,1,1,0
9/10/2020,20-29,7528,7250,278,1615,4,4,0
9/10/2020,30-39,7905,7700,205,1795,21,21,0
9/10/2020,40-49,7567,7349,218,1718,58,46,12
9/10/2020,50-59,8887,8620,267,1679,184,154,30
9/10/2020,60-69,7079,6864,215,1636,552,468,84
9/10/2020,70-79,4657,4419,238,1787,978,811,167
9/10/2020,80 and older,7143,6483,660,4351,2681,2089,592
9/13/2020,0-9,1026,996,30,271,1,1,0
9/13/2020,19-Oct,2637,2518,119,574,1,1,0
9/13/2020,20-29,7677,7383,294,1647,4,4,0
9/13/2020,30-39,8003,7794,209,1817,21,21,0
9/13/2020,40-49,7627,7407,220,1732,58,46,12
9/13/2020,50-59,8960,8691,269,1692,184,153,31
9/13/2020,60-69,7108,6894,214,1643,552,468,84
9/13/2020,70-79,4678,4436,242,1795,981,811,170
9/13/2020,80 and older,7152,6486,666,4357,2683,2085,598
9/14/2020,0-9,1034,1004,30,273,1,1,0
9/14/2020,19-Oct,2663,2544,119,579,1,1,0
9/14/2020,20-29,7710,7422,288,1654,4,4,0
9/14/2020,30-39,8023,7814,209,1822,21,21,0
9/14/2020,40-49,7646,7426,220,1736,58,46,12
9/14/2020,50-59,8972,8704,268,1695,184,153,31
9/14/2020,60-69,7124,6910,214,1647,552,468,84
9/14/2020,70-79,4679,4437,242,1795,981,811,170
9/14/2020,80 and older,7153,6487,666,4357,2683,2085,598
9/15/2020,0-9,1042,1012,30,275,1,1,0
9/15/2020,19-Oct,2684,2559,125,584,1,1,0
9/15/2020,20-29,7734,7442,292,1660,4,4,0
9/15/2020,30-39,8044,7829,215,1827,21,21,0
9/15/2020,40-49,7669,7446,223,1741,58,46,12
9/15/2020,50-59,8991,8720,271,1698,184,153,31
9/15/2020,60-69,7131,6917,214,1648,552,468,84
9/15/2020,70-79,4685,4442,243,1798,982,812,170
9/15/2020,80 and older,7159,6492,667,4361,2684,2086,598
9/16/2020,0-9,1059,1030,29,279,1,1,0
9/16/2020,19-Oct,2725,2599,126,593,1,1,0
9/16/2020,20-29,7781,7486,295,1670,4,4,0
9/16/2020,30-39,8088,7869,219,1837,21,21,0
9/16/2020,40-49,7698,7471,227,1748,58,46,12
9/16/2020,50-59,9012,8741,271,1702,184,153,31
9/16/2020,60-69,7151,6937,214,1653,553,469,84
9/16/2020,70-79,4686,4443,243,1798,981,811,170
9/16/2020,80 and older,7159,6492,667,4361,2685,2087,598
9/17/2020,0-9,1075,1045,30,284,1,1,0
9/17/2020,19-Oct,2743,2614,129,597,1,1,0
9/17/2020,20-29,7818,7520,298,1678,4,4,0
9/17/2020,30-39,8102,7882,220,1840,21,21,0
9/17/2020,40-49,7723,7495,228,1753,58,46,12
9/17/2020,50-59,9026,8754,272,1705,184,153,31
9/17/2020,60-69,7159,6945,214,1655,553,469,84
9/17/2020,70-79,4691,4448,243,1800,983,813,170
9/17/2020,80 and older,7163,6496,667,4363,2687,2089,598
9/20/2020,0-9,1106,1074,32,292,1,1,0
9/20/2020,19-Oct,2818,2686,132,613,1,1,0
9/20/2020,20-29,7928,7618,310,1701,4,4,0
9/20/2020,30-39,8180,7959,221,1858,21,21,0
9/20/2020,40-49,7784,7555,229,1767,58,46,12
9/20/2020,50-59,9099,8824,275,1719,185,154,31
9/20/2020,60-69,7197,6982,215,1663,554,470,84
9/20/2020,70-79,4712,4469,243,1808,984,814,170
9/20/2020,80 and older,7172,6505,667,4369,2687,2089,598
9/21/2020,0-9,1111,1079,32,293,1,1,0
9/21/2020,19-Oct,2845,2711,134,619,1,1,0
9/21/2020,20-29,7961,7647,314,1708,4,4,0
9/21/2020,30-39,8191,7969,222,1860,21,21,0
9/21/2020,40-49,7804,7570,234,1772,58,46,12
9/21/2020,50-59,9121,8844,277,1723,185,154,31
9/21/2020,60-69,7207,6992,215,1666,554,470,84
9/21/2020,70-79,4719,4476,243,1811,984,814,170
9/21/2020,80 and older,7173,6506,667,4369,2688,2090,598
9/22/2020,0-9,1121,1088,33,296,1,1,0
9/22/2020,19-Oct,2868,2733,135,624,1,1,0
9/22/2020,20-29,7993,7681,312,1715,4,4,0
9/22/2020,30-39,8220,7999,221,1867,21,21,0
9/22/2020,40-49,7824,7592,232,1776,58,46,12
9/22/2020,50-59,9139,8862,277,1726,185,154,31
9/22/2020,60-69,7221,7005,216,1669,554,470,84
9/22/2020,70-79,4724,4480,244,1812,984,814,170
9/22/2020,80 and older,7177,6509,668,4372,2689,2090,599
9/23/2020,0-9,1126,1093,33,297,1,1,0
9/23/2020,19-Oct,2884,2747,137,627,1,1,0
9/23/2020,20-29,8018,7705,313,1720,4,4,0
9/23/2020,30-39,8251,8027,224,1874,21,21,0
9/23/2020,40-49,7851,7616,235,1783,58,46,12
9/23/2020,50-59,9166,8886,280,1731,185,154,31
9/23/2020,60-69,7240,7023,217,1673,555,471,84
9/23/2020,70-79,4726,4482,244,1813,984,814,170
9/23/2020,80 and older,7182,6514,668,4375,2690,2091,599
9/24/2020,0-9,1128,1095,33,298,1,1,0
9/24/2020,19-Oct,2903,2764,139,631,1,1,0
9/24/2020,20-29,8044,7727,317,1726,4,4,0
9/24/2020,30-39,8268,8042,226,1878,21,21,0
9/24/2020,40-49,7865,7630,235,1786,58,46,12
9/24/2020,50-59,9186,8905,281,1735,186,154,32
9/24/2020,60-69,7254,7034,220,1677,555,471,84
9/24/2020,70-79,4728,4484,244,1814,984,814,170
9/24/2020,80 and older,7183,6515,668,4375,2691,2092,599
9/27/2020,0-9,1165,1130,35,307,1,1,0
9/27/2020,19-Oct,2975,2832,143,647,1,1,0
9/27/2020,20-29,8173,7851,322,1754,4,4,0
9/27/2020,30-39,8348,8113,235,1896,21,21,0
9/27/2020,40-49,7933,7693,240,1801,58,46,12
9/27/2020,50-59,9258,8972,286,1749,186,154,32
9/27/2020,60-69,7298,7077,221,1687,556,472,84
9/27/2020,70-79,4751,4506,245,1823,984,814,170
9/27/2020,80 and older,7218,6549,669,4397,2692,2093,599
9/28/2020,0-9,1174,1139,35,310,1,1,0
9/28/2020,19-Oct,3007,2862,145,654,1,1,0
9/28/2020,20-29,8224,7900,324,1765,4,4,0
9/28/2020,30-39,8379,8142,237,1903,21,21,0
9/28/2020,40-49,7950,7710,240,1805,58,46,12
9/28/2020,50-59,9278,8992,286,1752,186,154,32
9/28/2020,60-69,7310,7089,221,1690,556,472,84
9/28/2020,70-79,4759,4514,245,1826,984,814,170
9/28/2020,80 and older,7221,6552,669,4399,2694,2095,599
9/29/2020,0-9,1195,1159,36,315,1,1,0
9/29/2020,19-Oct,3037,2887,150,,1,1,0
9/29/2020,20-29,8270,7946,324,1775,4,4,0
9/29/2020,30-39,8415,8177,238,1911,21,21,0
9/29/2020,40-49,7982,7738,244,1812,58,46,12
9/29/2020,50-59,9302,9016,286,1757,186,154,32
9/29/2020,60-69,7323,7103,220,1693,557,473,84
9/29/2020,70-79,4773,4528,245,1831,985,815,170
9/29/2020,80 and older,7226,6556,670,4402,2695,2095,600
9/30/2020,0-9,1208,1170,38,319,1,1,0
9/30/2020,19-Oct,3062,2907,155,666,1,1,0
9/30/2020,20-29,8311,7985,326,1783,4,4,0
9/30/2020,30-39,8451,8211,240,1919,21,21,0
9/30/2020,40-49,8006,7759,247,1818,58,46,12
9/30/2020,50-59,9327,9039,288,1762,188,156,32
9/30/2020,60-69,7331,7112,219,1694,557,473,84
9/30/2020,70-79,4787,4542,245,1837,986,816,170
9/30/2020,80 and older,7232,6562,670,4405,2695,2095,600
10/1/2020,0-9,1240,1202,38,327,1,1,0
10/1/2020,19-Oct,3189,3035,154,694,1,1,0
10/1/2020,20-29,8465,8142,323,1816,4,4,0
10/1/2020,30-39,8526,8285,241,1936,21,21,0
10/1/2020,40-49,8059,7813,246,1830,58,46,12
10/1/2020,50-59,9379,9090,289,1771,188,156,32
10/1/2020,60-69,7363,7144,219,1702,557,473,84
10/1/2020,70-79,4811,4565,246,1846,986,816,170
10/1/2020,80 and older,7237,6566,671,4408,2697,2096,601
10/4/2020,0-9,1294,1255,39,341,1,1,0
10/4/2020,19-Oct,3270,3121,149,711,1,1,0
10/4/2020,20-29,8630,8312,318,1852,4,4,0
10/4/2020,30-39,8697,8456,241,1975,21,21,0
10/4/2020,40-49,8162,7926,236,1853,60,48,12
10/4/2020,50-59,9466,9180,286,1788,185,154,31
10/4/2020,60-69,7446,7226,220,1721,558,474,84
10/4/2020,70-79,4843,4599,244,1858,985,814,171
10/4/2020,80 and older,7285,6613,672,4438,2702,2102,600
1/26/2021,60-69,26473,25190,1283,6119,876,746,130
1/26/2021,70-79,14502,13715,787,5564,1553,1298,255
4/19/2021,19-Oct,38375,35117,3258,8469,4,4,0
4/19/2021,20-29,57826,52208,5618,12425,10,10,0
4/19/2021,30-39,51438,46942,4496,11626,39,37,2
4/19/2021,40-49,46569,42909,3660,10760,133,109,24
4/19/2021,50-59,50298,46695,3603,9684,418,357,61
4/19/2021,60-69,33558,31491,2067,7617,1045,897,148
4/19/2021,70-79,17265,16260,1005,6394,1794,1517,277
4/19/2021,80 and older,16331,14900,1431,9889,4576,3665,911
4/20/2021,0-9,19656,18541,1115,5221,1,1,0
4/20/2021,19-Oct,38532,35256,3276,8503,4,4,0
4/20/2021,20-29,58002,52349,5653,12463,10,10,0
4/20/2021,30-39,51584,47069,4515,11659,39,37,2
4/20/2021,40-49,46674,42996,3678,10785,134,110,24
4/20/2021,50-59,50394,46773,3621,9703,419,357,62
4/20/2021,60-69,33610,31536,2074,7629,1045,897,148
4/20/2021,70-79,17276,16270,1006,6398,1794,1517,277
4/20/2021,80 and older,16344,14911,1433,9897,4581,3670,911
4/21/2021,0-9,19704,18588,1116,5234,1,1,0
4/21/2021,19-Oct,38679,35382,3297,8536,4,4,0
4/21/2021,20-29,58145,52459,5686,12494,10,10,0
4/21/2021,30-39,51699,47171,4528,11685,39,37,2
4/21/2021,40-49,46769,43079,3690,10807,134,110,24
4/21/2021,50-59,50471,46839,3632,9718,419,357,62
4/21/2021,60-69,33654,31575,2079,7639,1045,897,148
4/21/2021,70-79,17302,16297,1005,6408,1797,1520,277
4/21/2021,80 and older,16359,14924,1435,9906,4590,3678,912
4/22/2021,0-9,19808,18673,1135,5262,1,1,0
4/22/2021,19-Oct,38880,35555,3325,8580,4,4,0
4/22/2021,20-29,58333,52617,5716,12534,10,10,0
4/22/2021,30-39,51858,47298,4560,11721,39,37,2
4/22/2021,40-49,46920,43206,3714,10842,135,110,25
4/22/2021,50-59,50590,46932,3658,9740,421,356,65
4/22/2021,60-69,33709,31614,2095,7651,1047,899,148
4/22/2021,70-79,17329,16315,1014,6418,1800,1522,278
4/22/2021,80 and older,16361,14928,1433,9907,4590,3678,912
4/25/2021,0-9,20036,18861,1175,5322,1,1,0
4/25/2021,19-Oct,39312,35893,3419,8676,4,4,0
4/25/2021,20-29,58740,52925,5815,12622,10,10,0
4/25/2021,30-39,52195,47569,4626,11797,39,37,2
4/25/2021,40-49,47184,43413,3771,10903,136,110,26
4/25/2021,50-59,50814,47106,3708,9784,423,359,64
4/25/2021,60-69,33819,31706,2113,7676,1052,903,149
4/25/2021,70-79,17363,16352,1011,6430,1803,1525,278
4/25/2021,80 and older,16382,14946,1436,9920,4598,3684,914
4/26/2021,0-9,20076,18902,1174,5333,1,1,0
4/26/2021,19-Oct,39401,35985,3416,8695,4,4,0
4/26/2021,20-29,58843,53021,5822,12644,9,9,0
4/26/2021,30-39,52282,47655,4627,11817,39,37,2
4/26/2021,40-49,47236,43464,3772,10915,136,110,26
4/26/2021,50-59,50869,47158,3711,9794,425,361,64
4/26/2021,60-69,33840,31727,2113,7681,1051,903,148
4/26/2021,70-79,17375,16360,1015,6435,1804,1525,279
4/26/2021,80 and older,16391,14955,1436,9925,4598,3684,914
4/27/2021,0-9,20136,18944,1192,5349,1,1,0
4/27/2021,19-Oct,39517,36058,3459,8721,4,4,0
4/27/2021,20-29,58966,53094,5872,12670,9,9,0
4/27/2021,30-39,52402,47730,4672,11844,39,37,2
4/27/2021,40-49,47319,43511,3808,10934,137,110,27
4/27/2021,50-59,50935,47213,3722,9807,426,362,64
4/27/2021,60-69,33875,31752,2123,7689,1054,906,148
4/27/2021,70-79,17387,16369,1018,6439,1808,1529,279
4/27/2021,80 and older,16397,14960,1437,9929,4602,3687,915
4/28/2021,0-9,20194,19000,1194,5364,1,1,0
4/28/2021,19-Oct,39622,36151,3471,8744,4,4,0
4/28/2021,20-29,59058,53172,5886,12690,9,9,0
4/28/2021,30-39,52480,47800,4680,11862,39,37,2
4/28/2021,40-49,47375,43562,3813,10947,137,110,27
4/28/2021,50-59,50990,47258,3732,9818,427,363,64
4/28/2021,60-69,33897,31775,2122,7694,1055,906,149
4/28/2021,70-79,17398,16380,1018,6443,1808,1529,279
4/28/2021,80 and older,16410,14970,1440,9937,4604,3689,915
4/29/2021,0-9,20271,19072,1199,5385,1,1,0
4/29/2021,19-Oct,39778,36296,3482,8778,4,4,0
4/29/2021,20-29,59211,53302,5909,12723,9,9,0
4/29/2021,30-39,52588,47896,4692,11886,39,37,2
4/29/2021,40-49,47464,43639,3825,10967,137,110,27
4/29/2021,50-59,51075,47332,3743,9834,432,366,66
4/29/2021,60-69,33942,31811,2131,7704,1056,907,149
4/29/2021,70-79,17412,16393,1019,6448,1813,1534,279
4/29/2021,80 and older,16411,14970,1441,9938,4606,3691,915
5/2/2021,0-9,20437,19220,1217,5429,1,1,0
5/2/2021,19-Oct,40015,36493,3522,8831,4,4,0
5/2/2021,20-29,59498,53524,5974,12785,9,9,0
5/2/2021,30-39,52798,48056,4742,11934,39,37,2
5/2/2021,40-49,47657,43811,3846,11012,138,111,27
5/2/2021,50-59,51196,47444,3752,9857,435,368,67
5/2/2021,60-69,34016,31881,2135,7721,1061,912,149
5/2/2021,70-79,17444,16422,1022,6460,1816,1537,279
5/2/2021,80 and older,16427,14990,1437,9947,4609,3694,915
5/3/2021,0-9,20511,19274,1237,5449,1,1,0
5/3/2021,19-Oct,40147,36587,3560,8860,3,3,0
5/3/2021,20-29,59632,53595,6037,12813,10,10,0
5/3/2021,30-39,52885,48113,4772,11953,39,37,2
5/3/2021,40-49,47722,43859,3863,11027,138,111,27
5/3/2021,50-59,51256,47489,3767,9869,437,370,67
5/3/2021,60-69,34038,31896,2142,7726,1062,913,149
5/3/2021,70-79,17455,16431,1024,6464,1817,1538,279
5/3/2021,80 and older,16432,14993,1439,9950,4610,3695,915
5/4/2021,0-9,20590,19344,1246,5470,1,1,0
5/4/2021,19-Oct,40289,36685,3604,8891,3,3,0
5/4/2021,20-29,59746,53674,6072,12838,10,10,0
5/4/2021,30-39,52985,48175,4810,11976,39,37,2
5/4/2021,40-49,47790,43910,3880,11043,138,111,27
5/4/2021,50-59,51311,47526,3785,9879,438,371,67
5/4/2021,60-69,34067,31920,2147,7732,1064,914,150
5/4/2021,70-79,17475,16452,1023,6472,1820,1540,280
5/4/2021,80 and older,16440,15001,1439,9955,4610,3695,915
5/5/2021,0-9,20650,19400,1250,5485,1,1,0
5/5/2021,19-Oct,40430,36817,3613,8922,3,3,0
5/5/2021,20-29,59882,53804,6078,12867,10,10,0
5/5/2021,30-39,53088,48279,4809,11999,39,37,2
5/5/2021,40-49,47885,43992,3893,11065,139,112,27
5/5/2021,50-59,51377,47594,3783,9892,438,371,67
5/5/2021,60-69,34100,31955,2145,7740,1065,917,148
5/5/2021,70-79,17495,16468,1027,6479,1822,1542,280
5/5/2021,80 and older,16446,15006,1440,9959,4614,3698,916
5/6/2021,0-9,20699,19434,1265,5499,1,1,0
5/6/2021,19-Oct,40508,36879,3629,8940,3,3,0
5/6/2021,20-29,59959,53867,6092,12884,10,10,0
5/6/2021,30-39,53165,48341,4824,12017,39,37,2
5/6/2021,40-49,47944,44035,3909,11078,139,112,27
5/6/2021,50-59,51420,47628,3792,9900,439,372,67
5/6/2021,60-69,34135,31983,2152,7748,1067,919,148
5/6/2021,70-79,17505,16479,1026,6483,1823,1543,280
5/6/2021,80 and older,16454,15015,1439,9964,4616,3700,916
5/10/2021,0-9,20816,19542,1274,5530,1,1,0
5/10/2021,19-Oct,40678,37027,3651,8977,3,3,0
5/10/2021,20-29,60131,54010,6121,12921,10,10,0
5/10/2021,30-39,53313,48464,4849,12050,39,37,2
5/10/2021,40-49,48061,44139,3922,11105,141,114,27
5/10/2021,50-59,51496,47706,3790,9915,443,376,67
5/10/2021,60-69,34165,32007,2158,7755,1071,923,148
5/10/2021,70-79,17522,16495,1027,6489,1826,1546,280
5/10/2021,80 and older,16455,15016,1439,9964,4620,3704,916
5/11/2021,0-9,20857,19572,1285,5540,1,1,0
5/11/2021,19-Oct,40757,37086,3671,8994,3,3,0
5/11/2021,20-29,60199,54041,6158,12935,10,10,0
5/11/2021,30-39,53404,48528,4876,12071,39,37,2
5/11/2021,40-49,48107,44170,3937,11116,141,114,27
5/11/2021,50-59,51540,47737,3803,9923,443,376,67
5/11/2021,60-69,34184,32022,2162,7759,1072,924,148
5/11/2021,70-79,17527,16499,1028,6491,1826,1546,280
5/11/2021,80 and older,16473,15027,1446,9975,4621,3705,916
5/12/2021,0-9,20887,19592,1295,5548,1,1,0
5/12/2021,19-Oct,40784,37108,3676,9000,3,3,0
5/12/2021,20-29,60238,54069,6169,12944,10,10,0
5/12/2021,30-39,53440,48561,4879,12079,39,37,2
5/12/2021,40-49,48120,44176,3944,11119,142,115,27
5/12/2021,50-59,51562,47760,3802,9928,444,377,67
5/12/2021,60-69,34188,32032,2156,7760,1073,925,148
5/12/2021,70-79,17539,16514,1025,6495,1826,1546,280
5/12/2021,80 and older,16477,15035,1442,9978,4623,3706,917
5/13/2021,0-9,20927,19630,1297,5559,1,1,0
5/13/2021,19-Oct,40847,37166,3681,9014,3,3,0
5/13/2021,20-29,60306,54130,6176,12958,10,10,0
5/13/2021,30-39,53510,48615,4895,12095,39,37,2
5/13/2021,40-49,48170,44222,3948,11130,143,116,27
5/13/2021,50-59,51599,47794,3805,9935,445,378,67
5/13/2021,60-69,34220,32063,2157,7767,1074,926,148
5/13/2021,70-79,17553,16527,1026,6501,1829,1549,280
5/13/2021,80 and older,16489,15050,1439,9985,4624,3708,916
5/14/2021,0-9,20984,19680,1304,5574,1,1,0
5/14/2021,19-Oct,40927,37222,3705,9032,3,3,0
5/14/2021,20-29,60390,54197,6193,12976,10,10,0
5/14/2021,30-39,53581,48674,4907,12111,39,37,2
5/14/2021,40-49,48227,44268,3959,11144,144,117,27
5/14/2021,50-59,51618,47811,3807,9938,445,378,67
5/14/2021,60-69,34247,32084,2163,7773,1074,926,148
5/14/2021,70-79,17558,16532,1026,6502,1830,1550,280
5/14/2021,80 and older,16495,15055,1440,9988,4627,3711,916
5/17/2021,0-9,21068,19759,1309,5597,1,1,0
5/17/2021,19-Oct,41064,37339,3725,9062,3,3,0
5/17/2021,20-29,60511,54311,6200,13002,10,10,0
5/17/2021,30-39,53699,48778,4921,12137,39,37,2
5/17/2021,40-49,48289,44325,3964,11158,146,117,29
5/17/2021,50-59,51681,47868,3813,9951,447,380,67
5/17/2021,60-69,34289,32121,2168,7783,1078,929,149
5/17/2021,70-79,17589,16556,1033,6514,1836,1555,281
5/17/2021,80 and older,16501,15055,1446,9992,4634,3715,919
5/18/2021,0-9,21084,19776,1308,5601,1,1,0
5/18/2021,19-Oct,41077,37354,3723,9065,3,3,0
5/18/2021,20-29,60531,54333,6198,13007,10,10,0
5/18/2021,30-39,53711,48792,4919,12140,40,38,2
5/18/2021,40-49,48300,44340,3960,11160,147,117,30
5/18/2021,50-59,51688,47877,3811,9952,447,380,67
5/18/2021,60-69,34284,32117,2167,7782,1078,929,149
5/18/2021,70-79,17589,16556,1033,6514,1837,1554,283
5/18/2021,80 and older,16509,15061,1448,9997,4635,3715,920
5/19/2021,0-9,21120,19804,1316,5610,1,1,0
5/19/2021,19-Oct,41126,37384,3742,9076,3,3,0
5/19/2021,20-29,60577,54360,6217,13016,10,10,0
5/19/2021,30-39,53744,48813,4931,12148,41,39,2
5/19/2021,40-49,48324,44356,3968,11166,147,117,30
5/19/2021,50-59,51714,47892,3822,9957,449,381,68
5/19/2021,60-69,34294,32127,2167,7784,1079,930,149
5/19/2021,70-79,17597,16564,1033,6517,1838,1555,283
5/19/2021,80 and older,16504,15055,1449,9994,4636,3716,920
5/20/2021,0-9,21148,19829,1319,5618,1,1,0
5/20/2021,19-Oct,41157,37415,3742,9083,3,3,0
5/20/2021,20-29,60614,54392,6222,13024,10,10,0
5/20/2021,30-39,53777,48837,4940,12155,41,39,2
5/20/2021,40-49,48342,44372,3970,11170,147,117,30
5/20/2021,50-59,51741,47918,3823,9962,451,383,68
5/20/2021,60-69,34302,32135,2167,7786,1079,930,149
5/20/2021,70-79,17604,16570,1034,6520,1839,1555,284
5/20/2021,80 and older,16512,15065,1447,9999,4637,3717,920
5/21/2021,0-9,21174,19852,1322,5625,1,1,0
5/21/2021,19-Oct,41193,37444,3749,9091,3,3,0
5/21/2021,20-29,60643,54406,6237,13031,10,10,0
5/21/2021,30-39,53807,48867,4940,12162,41,39,2
5/21/2021,40-49,48361,44389,3972,11174,148,118,30
5/21/2021,50-59,51757,47931,3826,9965,451,383,68
5/21/2021,60-69,34308,32140,2168,7787,1079,930,149
5/21/2021,70-79,17609,16572,1037,6521,1841,1557,284
5/21/2021,80 and older,16513,15065,1448,9999,4638,3717,921
5/24/2021,0-9,21216,19890,1326,5636,1,1,0
5/24/2021,19-Oct,41273,37526,3747,9108,3,3,0
5/24/2021,20-29,60736,54492,6244,13051,10,10,0
5/24/2021,30-39,53864,48918,4946,12175,41,39,2
5/24/2021,40-49,48399,44429,3970,11183,148,118,30
5/24/2021,50-59,51795,47967,3828,9973,452,383,69
5/24/2021,60-69,34335,32168,2167,7793,1081,932,149
5/24/2021,70-79,17615,16578,1037,6524,1842,1558,284
5/24/2021,80 and older,16516,15066,1450,10001,4641,3720,921
5/25/2021,0-9,21229,19898,1331,5639,1,1,0
5/25/2021,19-Oct,41312,37556,3756,9117,3,3,0
5/25/2021,20-29,60766,54512,6254,13057,10,10,0
5/25/2021,30-39,53889,48936,4953,12180,41,39,2
5/25/2021,40-49,48430,44449,3981,11190,148,118,30
5/25/2021,50-59,51826,47991,3835,9978,452,383,69
5/25/2021,60-69,34339,32167,2172,7794,1082,932,150
5/25/2021,70-79,17620,16582,1038,6525,1843,1559,284
5/25/2021,80 and older,16513,15063,1450,9999,4641,3720,921
5/26/2021,0-9,21245,19912,1333,5644,1,1,0
5/26/2021,19-Oct,41319,37561,3758,9118,3,3,0
5/26/2021,20-29,60787,54531,6256,13062,10,10,0
5/26/2021,30-39,53900,48949,4951,12183,41,39,2
5/26/2021,40-49,48434,44453,3981,11191,149,119,30
5/26/2021,50-59,51834,48000,3834,9980,452,383,69
5/26/2021,60-69,34348,32177,2171,7796,1084,934,150
5/26/2021,70-79,17626,16584,1042,6528,1845,1561,284
5/26/2021,80 and older,16524,15074,1450,10006,4642,3720,922
